DAILY RAINFALL DATA :
--------------------------
MN    = MONTH
DRF01 = DAILY RAINFALL IN MM FOR DATE 01
DRF02 = DAILY RAINFALL IN MM FOR DATE 02
 ...    ...
DRF30 = DAILY RAINFALL IN MM FOR DATE 30
DRF31 = DAILY RAINFALL IN MM FOR DATE 31



STATION : B P GHAT,     DISTRICT : KARIMGANJ,     LAT. : 24.7167 DEG. N,     LONG. : 92.9667 DEG. E
--------------------------------------------------------------------------------------------------------------------------------------------------------------------------------------------------------------------------------
YEAR MN  DRF01  DRF02  DRF03  DRF04  DRF05  DRF06  DRF07  DRF08  DRF09  DRF10  DRF11  DRF12  DRF13  DRF14  DRF15  DRF16  DRF17  DRF18  DRF19  DRF20  DRF21  DRF22  DRF23  DRF24  DRF25  DRF26  DRF27  DRF28  DRF29  DRF30  DRF31
--------------------------------------------------------------------------------------------------------------------------------------------------------------------------------------------------------------------------------
2012 06    0.0   74.9   97.3          77.5    0.0    0.0    0.0    0.0    2.3    9.2   45.5   45.5   10.2   99.1           0.0    0.0    1.8    0.9   57.2   12.5   26.9   25.4   30.5   44.5   53.9   22.1    0.0    0.0       
2012 07    3.8    0.0    0.0   10.7    8.8    2.1    0.0    6.4    0.0   14.6    9.7   34.3   45.5   55.4   50.5    0.0    6.4   11.4   26.0   12.4   12.2    3.4    3.9   70.1    0.0    8.4   28.0    0.0    4.6   27.4   12.7
2012 08    1.5   36.6    0.0    0.0    4.4    3.4    0.0    0.0    0.0    0.0    0.0    9.2    0.0    0.0    6.3    0.0    0.0   24.0   46.0   12.4    7.4   56.4   16.6   17.0    0.0   43.4    0.0   15.8   16.5  205.7   13.9
2012 09    1.0  106.7    9.2   17.5    5.6    0.0    0.0    0.0    0.0    5.1  103.1    3.0   13.8    0.0   43.2    3.3    0.0    0.0    0.0   12.5    3.2    3.9   17.1   34.3    0.0    2.5    6.5    0.0    0.0    0.0       
2012 10   22.9    6.9   29.2   76.2    3.6    7.6    0.0    7.9    6.4    1.3    2.6   55.9   25.4    2.1    0.0    0.0    0.0    0.0    0.0    0.0    0.0    0.0    0.0    0.0    0.0    0.0    0.0    0.0    0.0    0.0    0.0
2012 11    0.0    0.0    0.0           4.2    6.4   26.9    5.8    0.0    0.0    0.0    0.0    0.0    0.0    0.0    0.0    0.0    0.0    0.0    0.0    0.0    0.0    0.0    0.0    0.0    0.0    0.0    0.0    0.0    0.0       
2012 12    0.0    0.0    0.0    0.0    0.0    0.0    0.0    0.0    0.0    0.0    0.0    0.0    0.0    0.0    0.0    0.0    0.0    0.0    0.0    0.0    0.0    0.0    0.0    0.0    0.0    0.0    0.0    0.0    0.0    0.0    0.0
2013 01    0.0    0.0    0.0    0.0    0.0    0.0    0.0    0.0    0.0    0.0    0.0    0.0    0.0    0.0    0.0    0.0    0.0    0.0    0.0    0.0    0.0    0.0    0.0    0.0    0.0    0.0    0.0    0.0    0.0    0.0    0.0
2013 02    0.0    0.0    0.0    0.0    0.0    0.0    0.0    0.0    0.0    0.0    0.0    0.0    0.0    0.0    0.0    0.0    0.0    8.4    0.0    0.0    0.0    0.0    0.0    0.0    0.0    0.0    0.0    0.0                     
2013 03    0.0    0.0    0.0    0.0    0.0    0.0    0.0    0.0    0.0    0.0    0.0   10.2    0.0    0.0    0.0    0.0    0.0    0.0    0.0    0.0    0.0           0.0    0.0   22.7   10.2    0.0    0.0    0.0    0.0    0.0
2013 04    5.1    0.0    0.0    0.0    0.0    0.0    0.0    0.0    0.0    0.0    5.1    1.3    5.5    0.0    5.3   60.0    1.1    7.1    2.1    5.2    0.0    0.0    0.0    0.0    0.0    0.0    3.3    3.4    5.7    3.0       
2013 05    9.2   12.2   17.0   28.3    6.7    8.7   33.2   12.5   30.1   35.4   50.8   37.7   19.6   17.8    0.0    7.9   20.3   58.6   22.9   11.4    0.0    0.0    0.0    0.0    0.0    2.0    0.0   14.6   10.2    8.9    5.4
2013 06    0.0    0.0    0.0    0.0    0.0    0.0   15.2   25.4    5.0    5.4   18.4    0.0    0.0   30.5    2.5   10.4    0.0    0.0    0.0    0.0   16.5    0.0   56.4   18.8    8.9    5.1   24.1   16.5   24.1    3.8       
2013 07    0.0    7.2    9.7    3.5   20.3    0.0   10.2   23.1    6.2   38.5   27.9    0.0   10.7   13.2    2.9    5.1   18.8   12.7   43.6    2.2    0.0    0.0   21.6   15.2   39.4   22.8   32.8   31.2   19.1    0.0   12.7
2013 08   17.7    6.8   24.5    0.0    8.4    4.1   61.5   13.7   30.5   10.4   53.7    6.4    0.0    9.7    8.9   24.1    5.6   32.2    0.0    0.0   15.2    0.0    3.0    2.8    2.6    3.8   59.6    4.1    0.0   13.0   29.5
2013 09    0.0    0.0   41.9    5.3   37.8    5.6    5.3    0.0   34.9    5.1    0.0    0.0    0.0   34.5    0.0  104.5    0.0    0.0    0.0   21.1    0.0    0.0    1.1   17.0    0.0    0.0   63.5    0.0   10.4    1.5       
2013 10    0.0    0.0    0.0   32.3   25.1   24.9    8.9    0.0    0.0    0.0    0.0    0.0    0.0    0.0    0.0    0.0    0.0    0.0    0.0    0.0    7.7    5.1    0.0    0.0    0.0   31.0    0.0    0.0    4.9    0.0    0.0
2013 11    0.0    0.0    0.0    0.0    0.0    0.0    0.0    0.0    0.0    0.0    0.0    0.0    0.0    0.0    0.0    0.0    0.0    0.0    0.0    0.0    0.0    0.0    0.0    0.0    0.0    0.0    0.0    0.0    0.0    0.0       
2013 12    0.0    0.0    0.0    0.0    0.0    0.0    0.0    0.0    0.0    0.0    0.0    0.0    0.0    0.0    0.0    0.0    0.0    0.0    0.0    0.0    0.0    0.0    0.0    0.0    0.0    0.0    0.0    0.0    0.0    0.0    0.0
2014 01    0.0    0.0    0.0    0.0    0.0    0.0    0.0    0.0    0.0    0.0    0.0    0.0    0.0    0.0    0.0    0.0    0.0    0.0    0.0    0.0    0.0    0.0    0.0    0.0    0.0    0.0    0.0    0.0    0.0    0.0    0.0
2014 02    0.0    0.0    0.0    0.0    0.0    0.0    0.0    0.0    0.0    0.0    0.0    0.0    0.0    0.0    0.0   10.2    8.9    2.5    0.0    0.0    0.0    0.0    0.0    0.0    0.0    0.0    0.0    0.0                     
2014 03    0.0    0.0    0.0    0.0    0.0    0.0    0.0    0.0    0.0    0.0    0.0    0.0    0.0    0.0    0.0    0.0    0.0    0.0    0.0    0.0    0.0    0.0    2.9    0.0    0.0    9.4    0.0    0.0    6.4    0.0    0.0
2014 04    0.0    0.0   17.0    3.8    0.0    0.0    4.6    2.3   37.5    3.2    0.0    0.0    0.0    0.0    0.0    0.0    0.0    0.0    0.0    0.0    0.0    0.0    0.0    0.0    0.0    5.2    5.0   16.5                     
2014 05    0.0    7.6   15.0    5.1    8.9    0.0   59.7   30.5         168.9   33.0   16.5   22.4   20.2    3.5    4.0   12.7   18.7    0.0    0.0    0.0    0.0    3.2    0.0    0.0    1.5    4.0    0.0   34.3    2.9    9.4
2014 06    0.0   12.7   16.3  223.6   19.1    5.1   11.4   16.5   38.4   54.6  105.6    4.6   43.4    0.0    0.0   11.2   10.4   11.2  105.5   40.1   11.5   38.1   40.7   17.8   19.0   41.7   13.2   12.4    3.3    1.5       
2014 07   27.9   25.5    7.6   88.9    2.5   27.9   64.8    0.0    2.8    0.0   38.1    5.1   17.8   71.3    7.6    5.6   10.2    3.8    7.5    0.5    0.0    0.0   30.6    0.0   99.3    0.0    0.0   40.1   42.7   11.4    0.0
2014 08   96.5   10.9   78.7    0.0    3.0    0.0   58.5   65.6   28.7    9.1   22.9    0.0   53.3    8.1   41.9   20.6   86.6   10.2   45.8   17.2    7.9    0.0    5.1   36.3   22.9    4.1   54.6    0.0    0.0    0.0    0.0
2014 09    7.8   11.4   63.5   63.2   44.1   25.9   37.1   48.3    0.0   35.3   11.4   11.4    0.0   37.3    0.0    4.3    0.0    0.0   67.3   33.5    7.8    4.9   73.0   31.7    0.0   23.9   47.2    0.0    0.0    0.0       
2014 10    0.0    0.0    0.0    0.0    0.0    0.0    0.0    0.0    0.0    0.0    0.0    6.3    0.0    0.0   63.8   59.9    0.0    0.0    0.0    0.0    0.0    0.0    0.0    0.0    0.0    0.0    0.0    0.0    0.0    0.0    0.0
2014 11    0.0    0.0    0.0    0.0    0.0    0.0    0.0    0.0    0.0    0.0    0.0    0.0    0.0    0.0    0.0    0.0    0.0    0.0    0.0    0.0    0.0    0.0    0.0    0.0    0.0    0.0    0.0    0.0    0.0    0.0       
2014 12    0.0    0.0    0.0    0.0    0.0    0.0    0.0    0.0    0.0    0.0    0.0    0.0    0.0    0.0    0.0    0.0    0.0    0.0    0.0    0.0    0.0    0.0    0.0    0.0    0.0    0.0    0.0    0.0    0.0    0.0    0.0
2015 01    0.0    0.0    0.0                  0.0    0.0    0.0    0.0    0.0    0.0    0.0    0.0    0.0    0.0    0.0    0.0    0.0    0.0    0.0    0.0    0.0    0.0    0.0    0.0    0.0    0.0    0.0    0.0    0.0    0.0
2015 02    0.0    0.0    0.0    0.0    0.0    0.0    0.0    0.0    0.0    0.0    0.0    0.0    0.0    0.0    0.0    0.0    0.0    0.0    0.0    0.0    0.0    0.0    0.0    0.0    0.0    0.0    5.3    0.0                     
2015 03    0.0    0.0    0.0    0.0    0.0    0.0    0.0    0.0    0.0    0.0    0.0    0.0    0.0    0.0    0.0    0.0    0.0    0.0    0.0    0.0    0.0    0.0    0.0    0.0    0.0    0.0    0.0    0.0    0.0    0.0    0.0
2015 04    3.0   17.8   35.6   18.5   29.2   38.1    0.0    5.1    0.0    3.2    0.0    0.0    0.0    0.0    0.0    0.0    0.0    0.0    0.0    8.9   33.0   71.0   24.1   31.8    0.0    0.0    0.0    0.0    0.0              
2015 05    3.0   19.5    8.6   22.8    0.0   10.3    0.0   30.5    0.0   38.1    0.0    0.0    0.0   45.7   40.6    0.0   54.6    0.0    0.0    0.0    0.0   25.4   11.4   50.8    1.7    3.4   36.8   17.7   44.1   53.8   30.5
2015 06   34.4   24.9   96.5    0.0    3.8   33.2   12.7   28.7   15.7   42.7   38.0   16.6   20.5   33.0    6.4    5.1   20.5           0.0   33.3    3.8    6.6   10.4   22.8    9.5    5.8    6.9    1.3   17.6    3.4       
2015 07    6.6    0.0    4.6   13.2   10.4    9.7    0.0    0.0    4.0    0.0    7.6   30.6   11.5   35.7   20.5    0.0   16.0   12.7    0.0   13.9   17.7   17.0    6.4   19.3  158.0    0.0    0.0    0.0    0.0    0.0    8.7
2015 08   11.6    0.0    0.0   22.0   34.5    0.0   13.5    0.0    0.0   86.6   17.8   84.4    0.0    0.0    0.0   17.7    8.8    5.8   12.5  416.5    8.6    0.0   22.8   11.6    0.0   55.4   32.2    8.6    8.8    7.6   16.6
2015 09   12.7    8.1    9.4   47.2    2.8    7.6    0.0    5.8    0.0    0.0  100.3    0.0   36.6   46.9   31.7    0.0    0.0    0.0    0.0   14.2    4.6   58.6   15.6   24.5   20.3   16.8    0.0    0.0    0.0    0.0       
2015 10    0.0    0.0    0.0    0.0    0.0   15.2    4.3   60.2    0.0    7.0    0.0    0.0    0.0    0.0    0.0    0.0    0.0    0.0    0.0    0.0    0.0    0.0    0.0    0.0    0.0    0.0    0.0    0.0    0.0    0.0    0.0
2015 11   17.8   15.2    0.0    0.0    0.0    0.0    0.0    0.0    0.0    0.0    0.0    0.0    0.0    0.0    0.0    0.0    0.0    0.0    0.0    0.0    0.0    0.0    0.0    0.0    0.0    0.0    0.0    0.0    0.0    0.0       
2015 12    0.0    0.0    0.0   15.3    0.0    0.0    0.0    0.0    0.0    0.0    0.0    0.0    0.5    0.0    0.0    0.0    0.0    0.0    0.0    0.0    0.0    0.0    0.0    0.0    0.0    0.0    0.0    0.0    0.0    0.0    0.0
2016 01    0.0    0.0    0.0    0.0    0.0    0.0    0.0    0.0    0.0    8.9    0.0    0.0    0.0    0.0    0.0    0.0    0.0    0.0    0.0    0.0    0.0    0.0    0.0    0.0    0.0    0.0    0.0    0.0    0.0              
2016 02    0.0    0.0    0.0    0.0    0.0    0.0    0.0    0.0    0.0    5.1    0.0    8.8    0.0    0.0    0.0    0.0    0.0    0.0    0.0    0.0    0.0   36.7    0.0    3.8   15.2    0.0    0.0    0.0    0.0              
2016 03    0.0    0.0    0.0    0.0    0.0    0.0    0.0    0.0    0.0   20.0    0.0    0.0    0.0    0.0    0.0    0.0    0.0    0.0    0.0    0.0   19.1    0.0    0.0    0.0    0.0    0.0    0.0    6.9   15.2    6.4    6.9
2016 04    3.8    0.0    4.3   15.2   76.2  105.4   21.6   30.5   19.8   10.2    0.0    0.0   35.6   45.7   57.2   21.6   86.4   40.6   22.9   50.1    8.9   19.1   34.3   31.8   96.2   38.1   45.9   21.9                     
2016 05    6.8    4.6    0.0   28.2    0.0    7.4    0.0    0.0    0.0    0.0    0.0    0.0    2.5   30.9   22.6   58.6   29.9  132.6   47.8    0.0   14.0   37.1    0.0   11.6   14.0    1.8   19.3    3.3   16.6    1.4   10.9
2016 06    7.6    0.0    0.0    0.0    0.0    6.6  119.6    7.6   36.8    6.6    4.1    0.0   17.7    8.8    5.1    0.0   33.0    3.0    6.6    6.6   15.6  114.3  101.2    5.6    1.6    2.6    5.6   48.6    0.0    0.0       
2016 07    0.0   15.6   27.4   38.1   48.6    0.0    5.1    0.0    0.0   33.2    3.1   30.8   12.7   10.6    6.6   41.7    8.8   13.6   12.7    1.6    8.2   60.3   19.5   63.5    7.6   15.6    0.0   16.2    8.8   50.3    7.6
2016 08    0.0    0.0    0.0    0.0   60.5   22.9    0.0   12.7   25.4    2.3    0.0    0.0    0.0   55.8    0.0   35.6    6.0    0.0    5.8    0.0   19.5   15.4    0.0    0.0    0.0    0.0   38.1    0.0    0.0    2.3    3.4
2016 09   38.0    8.8   22.8    8.4    0.0   42.6   13.0   10.6    0.0   25.4   33.2    3.0    4.5   34.2    0.0    0.0    0.0   38.1    8.1    4.5    7.6   46.9   31.7    0.0   30.5   11.4    0.0    0.0   39.3   16.2       
2016 10    0.0    0.0    0.0    0.0    0.0    0.0    0.0   34.8   10.7    0.0   16.5   28.1    2.3    0.0    0.0    0.0    0.0    0.0    0.0    0.0    0.0    0.0    0.0    0.0    0.0    0.0    0.0   19.5    0.0    0.0    0.0
2016 11    0.0    0.0    0.0    0.0   15.2   88.9  127.0    2.5    0.0    0.0    0.0    0.0    0.0    0.0    0.0    0.0    0.0    0.0    0.0    0.0    0.0    0.0    0.0    0.0    0.0    0.0    0.0    0.0    0.0    0.0       
2016 12    0.0    0.0    0.0    0.0    0.0    0.0    0.0    0.0    0.0    0.0    0.0    0.0    0.0    0.0    0.0    0.0    0.0    0.0    0.0    0.0    0.0    0.0    0.0    0.0    0.0    0.0   15.2    0.0    0.0    0.0    0.0
2018 01    0.0    0.0    7.1    0.0    0.0    0.0    0.0    0.0    0.0    0.0    0.0    0.0    0.0    0.0    0.0    0.0    0.0    0.0    0.0    0.0    0.0    0.0    0.0    0.0    0.0    0.0    0.0    0.0    0.0    0.0    0.0
2018 02    0.0    0.0    0.0    0.0    0.0    0.0    0.0    0.0    0.0    0.0    0.0    0.0    0.0    0.0    0.0    0.0    0.0    0.0    0.0    0.0    0.0    0.0    0.0   12.2    0.0   15.2    0.0                            
2018 03    0.0    0.0    0.0   16.5    0.0    0.0    0.0    0.0    0.0    0.0    0.0    0.0   12.2    6.4    0.0   73.7    3.8   17.8    0.0    0.0    0.0    0.0    0.0    0.0    0.0    0.0    7.6    0.0                     
2018 04    0.0    0.0    0.0    0.0    0.0    0.0    0.0    0.0    0.0   55.9    0.0   26.7    2.5    5.1    0.0    0.0    0.0   22.4    3.3   27.2   71.1   45.0   28.0    3.8   10.2    2.5                                   
2018 05   22.1    0.0    6.1    0.0   35.6   28.4   35.6    9.7   18.3   13.2    0.0    2.0    0.0    0.0    0.0   20.1    0.0    0.0    0.0    0.0    8.9    0.0    0.0    0.0   21.3   43.1   88.9   27.9    0.0    0.0    8.1
2018 06    0.0    0.0   53.3    3.0    0.0  108.7    0.0    0.0    0.0    0.0    0.0   75.1   46.2  116.9  161.3   60.4    0.0    6.6    4.6    0.0    2.0   39.4    1.3   19.1   49.1    4.5    0.0    6.9    8.1   55.9       
2018 07    8.1    0.0    3.1    8.7   12.7   23.9   26.9    9.7    5.6    1.5    4.6    2.5    5.1    0.0    5.1   16.5    0.0    2.8    0.0    0.0    2.5    0.0    0.0   22.9   18.8   16.3    8.9   39.4   15.5   23.1    4.3
2018 08   13.7   13.4    1.0    3.0   38.1    0.0    0.0   16.0    5.1    0.0   79.2   96.3    3.3   67.3    0.0    0.0    3.0    0.0    0.0    0.0    0.0    6.4    3.6   38.1   33.3   20.1   16.5   10.7    4.3    5.1    3.6
2018 09  109.2    3.0    2.5   34.3   33.0    0.0    0.0    0.0    0.0    0.0   13.7   48.7    7.6    0.0    0.0    0.0    0.0    0.0   19.1    0.0    0.0   30.5    0.0    6.0   44.5    4.1    6.4   12.7    0.0    0.0       
2018 10    0.0   23.4    0.0    0.0    0.0    0.0    0.0    5.1    0.0    0.0    5.1          76.2   29.2    3.8    0.0    0.0    0.0    0.0    0.0    0.0    0.0    0.0    0.0    0.0    0.0    0.0    3.0    0.0    0.0    0.0
2018 11    0.0    0.0    0.0    0.0    0.0    0.0    2.5    0.0    0.0    0.0    0.0    0.0    0.0    0.0    0.0    0.0    0.0    0.0    0.0    0.0    0.0    0.0    0.0    0.0    0.0    0.0    0.0    0.0    0.0    0.0       
2018 12    0.0    0.0    0.0    0.0    0.0    0.0    0.0    0.0    0.0    0.0    0.0    0.0    0.0    0.0    0.0    0.0    0.0   15.2   29.2    0.0    0.0    0.0    0.0    0.0    0.0    0.0    0.0    0.0    0.0    0.0    0.0
2019 01    0.0    0.0    0.0    0.0    0.0    0.0    0.0    0.0    0.0    0.0    0.0    0.0    0.0    0.0    0.0    0.0    0.0    0.0    0.0    0.0    0.0    0.0    0.0    0.0    0.0    0.0    0.0    0.0    0.0    0.0    0.0
2019 02    0.0    0.0    0.0    0.0    0.0    0.0    0.0    0.0    0.0    0.0    0.0    0.0    0.0    0.0    0.0    0.0    0.0    0.0    0.0    0.0    0.0    0.0    0.0   12.2    0.0   15.2    0.0                            
2019 03    0.0    0.0    0.0   16.5    0.0    0.0    0.0    0.0    0.0    0.0    0.0    0.0   12.2    6.4    0.0   73.7    3.8   17.8    0.0    0.0    0.0    0.0    0.0    0.0    0.0    0.0    7.6    0.0                     
2019 04    7.8   16.0    7.0    0.0    0.0    0.0    0.6    0.0   11.2    8.0           0.0    0.0    0.0    0.0    9.1    7.0    0.0    0.0    0.0    0.0    0.0    0.0    0.0    0.0    0.0    0.0   49.0   39.4   48.0       
2019 05   22.1    0.0    6.1    0.0   35.6   28.4   35.6    9.7   18.3   13.2    0.0    2.0    0.0    0.0    0.0   20.1    0.0    0.0    0.0    0.0    8.9    0.0    0.0    0.0   21.3   43.1   88.9   27.9    0.0    0.0    8.1
2019 06    3.2    0.0    0.0    0.0    3.4    0.0   19.4    4.6    0.0    6.6   34.6    0.0    0.0   10.6   38.0    4.8    8.4   25.2   26.2    4.8   26.8    7.6   17.6    0.0    5.8   63.6   40.6   27.8    9.2    0.0       
2019 07    3.8    0.0   14.0    0.0    0.0    0.0   10.4    5.6   11.4    9.4   53.2   70.4   17.6   38.6   10.2    8.8    0.0    0.0    2.8   16.2    8.6   26.8    9.6   56.8   20.6   16.8    0.0    0.0    7.6   12.8   46.8
2019 08    0.0   10.2   38.6    1.4    0.0    0.0    0.0    9.2    0.0    0.0    3.2   17.6    0.0   23.0   43.4    6.2   12.8   18.0    0.0   25.6    0.0    8.2   55.6    2.2    8.2   13.6    0.0    5.8    0.0    0.0    3.2
2019 09    3.2    0.0    0.0    0.0   57.4    0.0    5.8    0.0   10.4    5.2    0.0    2.6    5.4   13.6    5.4    0.0    2.8    0.0    0.0    0.0    0.0    1.6   26.0   11.6    1.2    0.6    0.0    1.2    0.0    1.4       
2019 10    1.4    1.0    4.6   16.8    6.4    0.0   20.0    8.6    0.0    2.4    7.4    0.0    0.0    0.0    0.0   50.8    0.0    0.0    0.0    0.0    0.0    0.0    0.0    0.0    4.2   35.4   73.2    0.0    0.0    0.0    0.0
2019 11    0.0    0.0    0.0    0.0    0.0    0.0    0.0    0.0    0.0    3.8    8.6    2.6    0.0    0.0    0.0    0.0    0.0    0.0    0.0    0.0    0.0    0.0    0.0    0.0    0.0    0.0    0.0    0.0    0.0    0.0       
2019 12    0.0    0.0    0.0    0.0    0.0    0.0    0.0    0.0    0.0    0.0    0.0    0.0    0.0    0.0    0.0    0.0    0.0    0.0    0.0    0.0    0.0    0.0    0.0    0.0    0.0    0.0    0.0    0.0    0.0    0.0    0.0
2020 01    0.0    0.0    0.0   24.2    0.0   10.4    0.0    0.0    0.0    0.0    0.0    0.0    0.0    0.0    0.0    0.0    0.0    0.0    0.0    0.0    0.0    0.0    0.0    0.0    0.0    0.0    0.0    0.0    0.0    0.0    0.0
2020 02    0.0    0.0    0.0    0.0    0.0    0.0    0.0    0.0    0.0    0.0    0.0    0.0    0.0    0.0    0.0    0.0    0.0    0.0    0.0    0.0    0.0    0.0    0.0    0.0    0.0    0.0    0.0    0.0    0.0              
2020 03    0.0    0.0    0.0    0.0    0.0    0.0    0.0    0.0    0.0    0.0    0.0    0.0    0.0    0.0    0.0    0.0    0.0    0.0    0.0    0.0    1.2    0.0    0.0    0.0    0.0    0.0    0.0    0.0    0.0    0.0    0.0
2020 04    0.0    0.0                  0.0    0.0                                                                                              11.1    1.0    0.0    0.4    0.5    1.7    0.0    0.0   12.4    0.0   25.7       
2020 05    0.0    0.0    0.4    0.0    1.4   17.5    4.8    0.0    4.2    0.0    0.0    0.0   25.4   20.6    0.0    0.0    5.4    0.0    0.0    0.0   26.0   21.6   10.2    3.4  103.0   20.0   97.4    9.2   27.8    7.4   22.0
2020 06   57.4  156.0    5.6   19.8   79.6    4.6  121.6    0.0    2.0   70.4   24.4    3.2    4.4    3.0   24.6   15.2   27.6   18.8   11.0    0.0    2.2    0.0    5.6    4.2   20.4   27.6   78.6   33.0   33.0    5.8       
2020 07   23.0    5.8   35.3   29.2   46.4   37.8   12.2   13.2    8.0    3.4   17.2   50.6   48.0    9.4   44.2   24.5   13.0   21.3    6.4   29.0   13.9   21.6    6.8   12.6    3.2   17.2   29.5    1.2   19.6   53.8   15.0
2020 08    0.0    0.0    0.0    0.6    1.6    0.0    2.2    1.8    0.0    1.6   19.8   35.8    9.6    8.2   75.2    4.4    1.2    6.4    0.2    3.6    9.2   21.8    1.8   18.0    1.4    0.0    3.4   18.8   10.4   74.8   28.4
2020 09   58.0    0.4   12.8    0.0    0.0   22.0    0.8    2.0   22.8   22.8   27.4    3.0   17.2    1.0    1.8   26.8   16.0    6.4    0.0    0.0    0.0   13.0   29.6   25.4   14.2    7.7   18.8    8.0    0.0    0.0       
2020 10    0.0   67.4   18.4   22.2   63.6   58.0   10.2    0.6    0.0   14.8    0.0    0.0    0.0    0.0    0.0    0.0    0.0    0.0    0.0    2.6   23.8   18.8   11.0   19.6    8.0    0.0    0.0    0.0    0.0    0.0    0.0
2020 11   15.8    0.0    0.0    0.0    0.0    0.0    0.0    0.0    0.0    0.0    0.0    0.0    0.0    0.0    0.0    0.0    0.0    0.0    0.0    0.0    0.0    0.0    0.0    0.0    0.0    0.0    0.0    0.0    0.0    0.0       
2020 12    0.0    0.0    0.0    0.0    0.0    0.0    0.0    0.0    0.0    0.0    0.0    0.0    0.0    0.0    0.0    0.0    0.0    0.0    0.0    0.0    0.0    0.0    0.0    0.0    0.0    0.0    0.0    0.0    0.0    0.0    0.0
2021 01    0.0    0.0    0.0    0.0    0.0    0.0    0.0    0.0    0.0    0.0    0.0    0.0    0.0    0.0    0.0    0.0    0.0    0.0    0.0    0.0    4.2    0.0    0.0    0.0    0.0    0.0    0.0    0.0    0.0    0.0    0.0
2021 02    0.0    0.0    0.0    0.0    0.0    0.0    0.0    0.0    0.0    0.0    0.0    0.0    0.0    0.0    0.0    0.0    0.0    0.0    0.0    0.0    0.0    0.0    0.0    0.0    0.0    0.0    0.0    0.0                     
2021 03    0.0    0.0    0.0    0.0    0.0   10.0   17.6    0.0    0.8    0.0    0.0    0.0    0.0    0.0    0.0    0.0    0.0    0.0    0.0    0.0    0.0    0.0    0.0    0.0    0.0    0.0    0.0    0.0    0.0              
2021 05    0.0    0.0    1.3   31.2    1.1    0.0    0.0   10.8    0.0    0.0    0.0    0.0    0.0   86.2  107.5    1.9    0.8   30.1   23.0   32.2   34.2    6.2    0.0   21.2    0.0    0.0    0.0    1.2    0.0   24.5   43.8
2021 06   18.4   24.0   23.2   30.0   65.0   17.6    0.0   13.4    6.5    1.4   18.4    0.8    5.0    3.4    3.2    3.4   11.0   17.2   12.4   49.6   14.4    0.0    1.8    0.6    2.8   12.4    6.6   27.4    1.6   43.6       
2021 07  101.0    0.0    2.8    0.0   16.0    7.2   33.8    9.0    0.0    0.0   61.2    4.2   55.2   23.2   58.2   12.8    2.0   16.8   87.8   50.0   60.0   21.4    0.0    0.0   17.0    2.0   33.6    0.0   16.0    7.4    7.8
2021 08   24.0   88.2   19.2   52.4    0.0    0.0   27.2    8.2    7.0    9.6   12.8    5.6   24.6   28.6   12.0   24.2   25.4   15.2   16.6    1.8    0.0    4.4    4.2   77.6   27.0    3.4    3.2    1.4   72.8    0.0   27.8
2021 09    3.2    0.4    0.0    0.0    9.8    0.0   21.2   16.8    0.4    8.6    0.0    0.0    0.0    0.0   13.0    0.0    0.0   40.2   14.4   10.2   98.6    2.2    0.0    0.0    0.0    0.0    0.0    0.0   40.2    0.0       
2021 10    0.0    0.0   19.2   22.0   72.4    0.0    0.0    0.0    0.0    0.0    0.0    0.0    0.0    0.0    0.0    0.0    0.0    0.0   27.2   14.4   90.2    8.0    0.0    0.0    0.0    0.0    0.0    0.0    0.0    0.0    0.0
2021 11    0.0    0.0    0.0    0.0    0.0    0.0    0.0    0.0    0.0    0.0    0.0    0.0    0.0    0.0    0.0    0.0    0.0    0.0    0.0    0.0    0.0    0.0    0.0    0.0    0.0    0.0    0.0    0.0    0.0    0.0       
2021 12    0.0    0.0    0.0    0.0    0.0    3.2   23.6    5.1    0.0    0.0    0.0    0.0    0.0    0.0    0.0    0.0    0.0    0.0    0.0    0.0    0.0    0.0    0.0    0.0    0.0    0.0    0.0    0.0    0.0    0.0    0.0
2022 01    0.0    0.0    0.0    0.0    0.0    0.0    0.0    0.0    0.0    0.0    0.0    0.0   49.3    0.0    0.0    0.0    0.0    0.0    0.0    0.0    0.0    2.0    0.0    0.0    0.9    0.0    1.8    0.0    0.0    0.0    0.0
2022 02    0.0    7.7    0.6    0.0   17.7    0.0    0.0    0.0    0.0    0.0    0.7    0.0    0.0    0.0    0.0    0.0    0.0    0.0    0.0    0.0    1.8    0.2    0.0    0.0    4.2    0.0    0.0    0.0                     
2022 03    0.0    0.0    0.0    0.0    0.0    0.0    0.0    0.0    0.0    0.0    0.0    0.0    0.0    0.0    0.0    0.0    0.0    0.0    0.0    0.0    0.0    0.0    0.0    0.0   50.7    6.6   10.8    2.4    9.6    0.4   15.8
2022 04    0.4    0.2    0.0    0.6    0.6    0.0    0.0    0.0    0.0    6.2   30.8    7.2    0.2   25.0   10.4   28.8    9.6   12.6    0.0   27.0    0.2    2.4    0.0   10.8   37.2    0.5    4.6    0.0    0.0              
2022 05   14.0   40.2   48.8   16.4    0.0    0.0    0.0    0.0   48.6   85.2   26.4  154.6   71.5   84.6   39.6   35.7  129.6   12.0   62.2   26.6   11.0   32.6    0.0    0.0   19.2    0.0   43.0    0.0   31.2    0.0    2.4
2022 06   36.2   50.6  102.2   15.2   96.0    6.8    5.6    1.8    0.0   22.6   15.2   13.0   29.8   35.0   44.6   67.8   48.0  124.8  217.4   11.8   12.8   29.2   20.8    4.2    4.1    4.4    5.0    6.4   46.6    9.8       
2022 07   14.0    0.0   51.6    2.6    0.8   44.2    5.2   13.4    3.2    1.4   68.8   75.4    0.0    0.0    0.0    3.2   75.2    5.6    7.4    8.0    1.2    0.6    0.0   32.9    4.8    3.8    4.4    0.0    0.0   33.2   46.4
2022 08   85.6    0.8    0.8   26.4    0.0    4.8    0.0    2.8    0.0    0.1    0.0    0.0    6.8    0.0    9.6    3.8    1.0    0.0    0.0    0.0    1.8    0.8    0.2    0.0    4.8    0.0   48.8    3.6    2.4    2.4   39.8
2022 09   33.4   38.8   52.0   64.0    0.8   35.8    0.0    1.0    0.0    0.0   47.0    9.0    0.0    1.2    8.4    0.8   18.8    0.0   24.2   91.4    9.2    1.2    2.2   31.1   20.6    0.8    0.0    0.0    0.0    0.0       
2022 10    0.0    1.2           6.4   23.2    0.0    2.8   33.8    9.6    0.0   11.6   35.0   11.4           0.0    0.0    0.0    0.0    0.0    0.0    0.0    0.0    0.0    5.6   19.4    1.2    0.0    0.0    0.0    0.0    0.0
2022 11    0.0    0.0    0.0    0.0    0.0    0.0    0.0    0.0    0.0    0.0    0.0    0.0    0.0    0.0    0.0    0.0    0.0    0.0    0.0    0.0    0.0    0.0    0.0    0.0    0.0    0.0    0.0    0.0    0.0    0.0       
2022 12    0.0    0.0    0.0    0.0    0.0    0.0    0.0    0.0    0.0    0.0    0.0    0.0    0.0    0.0    0.0    0.0    0.0    0.0    0.0    0.0    0.0    0.0    0.0    0.0    0.0    0.0   12.0    0.0    0.0    0.0       
--------------------------------------------------------------------------------------------------------------------------------------------------------------------------------------------------------------------------------



STATION : KARIMGANJ [,     DISTRICT : KARIMGANJ,     LAT. : 24.8667 DEG. N,     LONG. : 92.3500 DEG. E
--------------------------------------------------------------------------------------------------------------------------------------------------------------------------------------------------------------------------------
YEAR MN  DRF01  DRF02  DRF03  DRF04  DRF05  DRF06  DRF07  DRF08  DRF09  DRF10  DRF11  DRF12  DRF13  DRF14  DRF15  DRF16  DRF17  DRF18  DRF19  DRF20  DRF21  DRF22  DRF23  DRF24  DRF25  DRF26  DRF27  DRF28  DRF29  DRF30  DRF31
--------------------------------------------------------------------------------------------------------------------------------------------------------------------------------------------------------------------------------
2012 01    0.0           0.0    0.0    0.0    0.0    0.0    0.0    0.0    3.0    2.0    0.0    0.0    0.0    0.0    0.0    0.0    0.0    0.0    0.0    3.0    0.0    0.0    0.0    0.0    0.0    0.0    0.0    0.0    0.0    0.0
2012 02    0.0    0.0    0.0    0.0    0.0    0.0    0.0    0.0    0.0    0.0    0.0    0.0    0.0    0.0    0.0    0.0    0.0    0.0    0.0    0.0    0.0    0.0    0.0    0.0    0.0    0.0    0.0    0.0    1.0              
2012 03    0.0    0.0    0.0    0.0    0.0    5.0    2.0    0.0    0.0    0.0    0.0    0.0    0.0    0.0    0.0    0.0    0.0    0.0    0.0    0.0    0.0    0.0    2.0    0.0    0.0    0.0    0.0    0.0    0.0    0.0    0.0
2012 04    0.0    0.0    0.0    0.0   15.0   10.0    5.0   10.0    5.0   10.0   20.0   15.0   20.0    5.0    0.0   10.2   10.0    5.0   30.5   10.0    0.0                 30.0   25.0   20.0   25.0   10.0                     
2012 05    2.0   10.0    5.0    2.0    0.0    0.0    0.0    0.0    0.0    0.0    0.0    0.0   10.0           3.5   18.4    0.0    0.0    5.4    0.5    0.0   59.0    8.6    4.4   44.4    0.6   15.0    0.4    0.0   47.0    0.0
2012 06    0.0   80.8  153.6   72.5    6.8    0.0    0.0    0.0    0.0   15.0    0.0    0.0   21.6    0.0  112.0    5.7    0.0    0.0   43.2    1.2   20.0    8.2   11.8   28.0   37.0    0.0   42.4    0.0    0.0    0.0       
2012 07   25.0    0.0   19.0   15.0    0.0    0.0   10.4   11.0    1.0   11.6    0.0    5.0   36.2   52.0    8.6    0.0    0.4    6.0    5.0    0.0   65.5   20.0    5.0    0.0    0.0   18.0    0.0   15.0   10.0   43.2    6.2
2012 08    1.4   21.0    0.0    0.0    3.3    0.0    0.0    0.0    0.0    7.0   34.0    0.0    0.0    0.0    4.0    2.2    0.0    0.0   90.0    0.0    3.6   26.2   20.4    1.0    0.0  113.0    0.0   19.0    0.8   75.6   10.4
2012 09    1.0    2.4   25.0    9.4    3.6    0.0    0.0    0.0    0.0    9.0   24.0    6.0   22.0    0.0   10.0    3.0    4.0    0.0    0.0    0.0    0.0    0.0    0.0    0.0    0.0   21.0    0.0    0.0    0.0    0.0       
2012 10    0.0   11.0   31.0   45.0   72.0    0.0    0.0    0.0   22.5    0.0   15.0   30.0   10.0    0.0    0.0    0.0    0.0    0.0    0.0    0.0    0.0    0.0    0.0    0.0    0.0    0.0    0.0    0.0    0.0    0.0    0.0
2012 11    0.0    0.0    0.0    0.0    5.0    5.0   10.0    0.0    0.0    0.0    0.0    0.0    0.0    0.0    0.0    0.0    0.0    0.0    0.0    0.0    0.0    0.0           0.0    0.0    0.0    0.0    0.0    0.0    0.0       
2012 12    0.0    0.0    0.0    0.0    0.0    0.0    0.0    0.0    0.0    0.0    0.0    0.0    0.0    0.0    0.0    0.0    0.0    0.0    0.0    0.0    0.0    0.0    0.0    0.0    0.0    0.0    0.0    0.0    0.0    0.0    0.0
2013 01    0.0    0.0    0.0    0.0    0.0    0.0    0.0    0.0    0.0    0.0    0.0    0.0    0.0    0.0    0.0    0.0    0.0    0.0    0.0    0.0    0.0    0.0    0.0    0.0    0.0    0.0    0.0    0.0    0.0    0.0    0.0
2013 02    0.0    0.0    0.0    0.0    0.0    0.0    0.0    0.0    0.0    0.0    0.0    0.0    0.0    0.0    0.0    0.0    0.0    2.0    0.0    0.0    0.0    0.0    0.0    0.0    0.0    0.0    0.0    0.0                     
2013 03    0.0    0.0    0.0    0.0    0.0    0.0    0.0    0.0    0.0    0.0    0.0    2.0    0.0    0.0    0.0    0.0    0.0    0.0    0.0    0.0    0.0    1.0    0.0    0.0   10.0    0.0    0.0    0.0    0.0    0.0    0.0
2013 04    5.0    0.0    0.0    0.0    0.0    0.0    0.0    0.0    5.0    0.0    3.0    2.0    2.0    0.0    0.0   12.0    5.8   10.0    0.0    0.0    0.0    0.0    0.0    0.0    0.0    0.0    5.0    5.0    2.0    3.0       
2013 05    2.0   30.0   25.0   20.0   15.0   20.0   10.0   12.0    5.0    6.2   60.6   10.0   25.0   10.0   25.0    5.0    4.2   38.2   53.0    0.0    0.0    0.0    3.5    6.0    0.0    0.0    0.0   11.5   10.0   85.0    6.2
2013 06    6.0    0.0    0.0    0.0    0.0    0.0    0.0   12.0    5.8    8.5    1.7    0.0    0.0   69.0    3.0   17.2   21.4    0.0    0.0    0.0   76.0   43.6   13.0   36.0    8.4    4.6    9.8   11.3   12.6    4.0       
2013 07    0.0    4.0   24.2    4.4   16.2    2.6    3.0    3.5   34.1   11.0   29.0    0.0   11.8    8.0   26.0    8.0   35.0    0.0    5.8    0.0   27.0    0.0   65.5    4.5   54.0    5.2   14.0   31.4   11.4    0.0   14.4
2013 08   10.4   12.8   43.2    0.0    9.0   11.2   68.4   24.5   27.0    0.0   66.0    6.0    0.0   42.5   15.0   20.6    6.0   41.5    0.0    0.0   18.0    0.0    6.0    5.0    3.6    0.3   47.0   23.0    2.0    6.0   41.4
2013 09    0.0    0.0    5.0    4.0   26.0    2.0    3.0    0.0   60.0    0.0    0.0    0.0    0.0    6.0    0.0   29.0    0.0    0.0    0.0   20.0    0.0    0.0    2.3    5.0    0.0    0.0   17.6    0.0    4.0    5.0       
2013 10    2.0    0.0    0.0   66.8   18.0   15.0   25.6    0.0    0.0    0.0    0.0    0.0    0.0    0.0    0.0    0.0    0.0    0.0    0.0    0.0    6.0   10.0    0.0    0.0    0.0    5.0   12.0    0.0   12.0    0.0    0.0
2013 11    0.0    0.0    0.0    0.0    0.0    0.0    0.0    0.0    0.0    0.0    0.0    0.0    0.0    0.0    0.0    0.0    0.0    0.0    0.0    0.0    0.0    0.0    0.0    0.0    0.0    0.0    0.0    0.0    0.0    0.0       
2013 12    0.0    0.0    0.0    0.0    0.0    0.0    0.0    0.0    0.0    0.0    0.0    0.0    0.0    0.0    0.0    0.0    0.0    0.0    0.0    0.0    0.0    0.0    0.0    0.0    0.0    0.0    0.0    0.0    0.0    0.0    0.0
2014 01    0.0    0.0    0.0    0.0    0.0    0.0    0.0    0.0    0.0    0.0    0.0    0.0    0.0    0.0    0.0    0.0    0.0    0.0    0.0    0.0    0.0    0.0    0.0    0.0    0.0    0.0    0.0    0.0    0.0    0.0    0.0
2014 02    0.0    0.0    0.0    0.0    0.0    0.0    0.0    0.0    2.0    0.0    0.0    0.0    0.0    0.0    0.0    9.0    4.0    6.0    0.0    0.0    0.0    0.0    0.0    0.0    0.0                                          
2014 03    0.0    0.0    0.0    0.0    0.0    0.0    0.0    0.0    0.0    0.0    0.0    0.0    0.0    0.0    0.0    0.0    0.0    0.0    0.0                                                                                    
2014 05    0.0   14.4   13.0    0.0   10.0    0.0   15.0   50.6   69.0  220.0   20.5    8.0   39.0   11.8   50.0   20.0    5.0   32.0    0.0    0.0    0.0    6.4   18.0    0.0    0.0   16.4   55.4    1.6   33.0    0.0    0.0
2014 06    0.0    0.0    0.0   10.4    0.0   20.5   15.0    5.0   12.0   89.2  119.6    7.0   27.0    0.0    0.0    3.0    7.0   23.0    3.0   20.6   24.0   39.4   93.2   10.4   11.2    8.2    0.0    0.0    9.4    0.0       
2014 07   20.0   20.0    5.0   10.0    0.0    5.0   90.0    2.0    0.0    2.0    0.0    3.0    6.0   26.0   35.0    0.0    5.0    7.0   25.8   10.0    0.0    8.0    5.0    0.0   43.0    0.0    0.0   39.6   10.0   31.4    6.0
2014 08   96.5    2.0   20.0   10.0    3.0    0.0    0.0   45.2    0.0   10.0    0.0    0.0    6.0   47.0   52.0   23.8   35.0   10.5   62.0   15.0    0.0   13.5    7.0   21.0   10.0    6.0  100.3    0.0    0.0    0.0    0.0
2014 09   10.0   21.2    0.0    0.0    3.0   20.0    3.0   57.2    0.0    0.0    0.0    3.0    0.0   20.2    0.0    3.0    0.0    0.0   15.0   18.2   40.0   10.0   45.0   15.2    0.0    9.2   53.0    4.0    0.0    0.0       
2014 10    0.0    0.0    0.0    0.0    0.0    0.0    0.0    0.0    0.0    0.0    0.0    6.2    0.0    0.0    3.0   22.0    0.0    0.0    0.0    0.0    0.0    0.0    0.0    0.0    0.0    0.0    4.0    0.0    0.0    0.0    0.0
2014 11    0.0    0.0    0.0    0.0    0.0    0.0    0.0    0.0    0.0    0.0    0.0    0.0    0.0    0.0    0.0    0.0    0.0    0.0    0.0    0.0    0.0    0.0    0.0    0.0    0.0    0.0    0.0    0.0    0.0    0.0       
2014 12    0.0    0.0    0.0    0.0    0.0    0.0    0.0    0.0    0.0    0.0    0.0    0.0    0.0    0.0    0.0    0.0    0.0    0.0    0.0    0.0    0.0    0.0    0.0    0.0    0.0    0.0    0.0    0.0    0.0    0.0    0.0
2015 01    0.0    0.0    0.0    0.0    4.0    0.0    0.0    0.0    0.0    0.0    0.0    0.0    0.0    0.0    0.0    0.0    0.0    2.0    0.0    0.0    0.0    0.0    0.0    0.0    0.0    0.0    0.0    0.0    0.0    0.0    0.0
2015 02    0.0    0.0    0.0    0.0    0.0    0.0    0.0    0.0    0.0    0.0    0.0    0.0    0.0    0.0    0.0    0.0    0.0    0.0    4.0    0.0    0.0    0.0    0.0    0.0    0.0    0.0           0.0                     
2015 03    0.0    0.0    0.0    3.0    1.0    0.0    0.0    0.0    0.0    0.0    0.0    0.0    0.0    0.0    0.0    0.0    0.0    0.0    0.0    0.0    0.0    0.0    0.0    0.0    0.0    0.0    0.0    1.0    0.0    0.0    3.0
2015 04    5.0   30.0   20.0   43.0   24.1   30.4   30.0   25.0   32.2    0.0    0.0    0.0    0.0    0.0    0.0    0.0   15.0   65.2   85.2   30.6   14.0    7.0    5.0    0.0    0.0    0.0    0.0    0.0   15.0   23.2       
2015 05   14.6    8.0   50.4   24.2    0.0   13.0    0.0   10.0    0.0   44.0    0.5    0.0    0.0    0.0   10.2   10.6   48.4    0.0    0.0    0.0    0.0   10.0   11.0   38.0    2.0    3.2    5.0    3.0    5.0   70.2    5.0
2015 06    2.0   10.0   36.0    0.0    5.4    7.0    2.0    1.0   40.0   45.0    9.2   16.0   20.0   12.0    4.0    0.0   39.0    8.2    0.0   15.0   54.0    5.0    2.0    4.0    9.0    0.0    0.0    0.0   15.2    0.0       
2015 07    0.0    0.0    3.4   22.8    5.0    0.0    5.6    0.0    5.4    0.0    0.0   38.6    0.0   10.0   13.2   66.4    4.0   20.3   11.2   36.6   16.4   14.2    6.6   11.3   23.2    0.0    0.0    0.0    0.0    0.0    2.6
2015 08   12.6    0.0    0.0   38.2   19.4    0.0   73.2   35.6    0.0  110.2   22.0   39.6   11.0   12.6   18.0   11.2    2.4   11.0   10.0   60.4    9.4    1.9   37.6  100.6   19.2    7.0   15.6    6.4    5.6    0.0   20.0
2015 09   11.4   20.5   18.6   41.4    0.0    0.0    0.0    6.4    0.0    0.0   84.6   18.4    9.4    5.0   35.4    0.0    0.0    0.0    8.4   40.0   21.4   21.6   14.4   12.4    0.0    0.0    0.0    0.0    0.0    0.0       
2015 10    0.0    0.0    0.0    0.0    0.0   46.4   55.4   64.2    6.6   59.0    0.0    0.0    0.0    0.0    0.0    0.0    0.0    0.0    0.0    0.0    0.0    0.0    0.0    0.0    0.0    0.0    0.0    0.0    0.0    0.0    0.0
2015 11    5.0    2.0    0.0    0.0    0.0    0.0    0.0    0.0    0.0    0.0    0.0    0.0    0.0    0.0    0.0    0.0    0.0    0.0    0.0    0.0    0.0    0.0    0.0    0.0    0.0    0.0    0.0    0.0    0.0    0.0       
2015 12    0.0    0.0    0.0   18.6    0.0    0.0    0.0    0.0    0.0    0.0    0.0    0.0    5.0    0.0    0.0    0.0    0.0    0.0    0.0    0.0    0.0    0.0    0.0    0.0    0.0    0.0    0.0    0.0    0.0    0.0    0.0
2016 01    0.0    0.0    0.0    0.0    0.0    0.0    0.0    0.0    8.6    0.0    0.0    0.0    0.0    0.0    0.0    0.0    0.0    0.0    0.0    0.0    0.2    0.0    0.0    0.0    0.0    0.0    0.0    0.0    0.0              
2016 02    0.0    0.0    0.0    0.0    0.0    0.0    0.0    0.0    0.0    0.0    0.0    9.0    0.0    0.0    0.0    0.0    0.0    0.0    0.0    0.0    0.0   25.0    0.0    2.2    0.0    0.0    0.0                            
2016 03    0.0    0.0    0.0    0.0   19.0    0.0    0.0    0.0    0.0    0.0    0.0    6.0    0.0    0.0    0.0    0.0    0.0    0.0    0.0    6.0   48.3   18.0    0.0    0.0    0.0    0.0    0.0   18.4    0.0    0.0   25.0
2016 04   10.0    2.0   10.0   15.0   75.0   83.0   13.2   44.0   25.0   18.4    0.0    4.0   14.0   40.0   10.0   70.2   50.4   40.0   20.0   25.0    0.0   58.0   30.2   15.0   48.0   32.2   32.0   29.2   20.6   22.2       
2016 05    0.0    6.0    5.0   19.2    0.0    4.5    1.2    0.0    0.0    0.0    0.0    0.0    7.0   28.0   21.0   80.0   68.0  272.4   55.0    0.0   16.0   55.8    0.0    0.0    0.0    3.2    4.8   54.4    9.6    0.0   10.0
2016 06    0.0    0.0    0.0   10.0    0.0    4.0   80.2    6.2   15.0    0.0    0.0    0.0    0.0    0.0    0.0    0.0   14.0    1.8    5.0    2.0    0.0   82.4   43.8   26.2    0.0    0.0   15.6   21.4    0.0    0.0       
2016 07    1.4   27.3   31.4   15.8    9.4    5.0   10.4   19.6    0.0    6.8    2.2    0.0    9.0   10.4    0.0   14.8    8.4   25.6   23.0   28.4    0.0   12.0   23.6   36.4   10.8    9.6    0.0   31.6    6.4   33.6    0.0
2016 08    0.0    0.0    0.0    5.0   19.4    6.2    3.0    7.4   26.4  188.0    0.0    0.0    7.0    2.0    0.0    7.2    0.0    0.0    0.0    0.0    5.0   25.1    0.0    0.0    0.0    0.0   11.8   38.4    0.0    2.0   72.0
2016 09   30.6   22.4   30.4   15.4    0.0   33.6   22.0   10.4    3.8    0.0   56.4    8.6   18.6   34.6    0.0    0.0    0.0   14.6    9.0   14.6   58.8    7.4    9.4   11.6   14.8   22.4    0.0    0.0   47.4    0.0       
2016 10    0.0    0.0    0.0    0.0    0.0    0.0    3.7   33.4  233.0   19.4    8.4    0.0    4.0    4.0    0.0    0.0    0.0    0.0    0.0    0.0    0.0    0.0    0.0    0.0    0.0    0.0    0.0    6.0    0.0    0.0    0.0
2016 11    0.0    0.0    0.0    0.0   85.0   84.6   80.4    0.0    0.0    0.0    0.0    0.0    0.0    0.0    0.0    0.0    0.0    0.0    0.0    0.0    0.0    0.0    0.0    0.0    0.0    0.0    0.0    0.0    0.0    0.0       
2016 12    0.0    0.0    0.0    0.0    0.0    0.0    0.0    0.0    0.0    0.0    0.0    0.0    0.0    0.0    0.0    0.0    0.0    0.0    0.0    0.0    0.0    0.0    0.0    0.0    0.0    0.0   20.0    0.0    0.0    0.0    0.0
2018 01    0.0    0.0    6.0    0.0    0.0    0.0    0.0    0.0    0.0    0.0    0.0    0.0    0.0    0.0    0.0    0.0    0.0    0.0    0.0    0.0    0.0    0.0    0.0    0.0    0.0    0.0    0.0    0.0    0.0    0.0    0.0
2018 02    0.0    0.0    0.0    0.0    0.0    0.0    0.0    0.0    0.0    0.0    0.0    0.0    0.0    0.0    0.0    0.0    0.0    0.0    0.0    0.0    0.0    0.0    0.0    2.0    0.0    6.4    0.0                            
2018 03    0.0    0.0    0.0    0.0    0.0    0.0    0.0    0.0    0.0    0.0    0.0    0.0    0.0   29.6    0.0   18.6   15.6   21.6    0.0    0.0    0.0    0.0    0.0    0.0    0.0    0.0    4.0    0.0    4.2    2.0    8.6
2018 04    0.0    0.0    0.0    0.0    0.0    9.2    0.0    0.0    0.0   46.6    0.0   17.6   14.6   30.8    0.0    0.0    0.0    0.0   16.6    6.0   69.8   44.4    0.0   18.0    4.0    2.0    0.0                            
2018 05    8.0    0.0    2.4    0.0   30.0   20.0   23.0   13.6   30.4   25.0    0.0    0.0    0.0    0.0    7.0   37.6    0.0    4.2    0.0    5.2    0.0    6.0    0.0    0.0   22.8   67.2   74.8    0.0    0.0    0.0   11.4
2018 06    0.0    0.0    0.0    0.0    6.6   30.6    0.0    0.0    0.0    0.0   26.0   45.0   44.2  138.2  108.0   48.0    6.0   12.0    0.0    0.0    3.6    6.0   29.0   27.0   48.0   18.0   18.0    4.0    9.0   59.2       
2018 07    4.0    6.0   32.4   58.0   48.0   26.0    5.0    3.0    4.0    0.0    0.0    3.0    2.0    0.0    0.0    6.0    0.0   25.0    7.0    0.0    0.0   20.6   20.4   47.0   19.0   18.0   14.8   21.4   22.8   74.0    3.0
2018 08   25.0   22.0    0.0    3.0   29.4    0.0    0.0          45.0          67.0   27.0    0.0   47.0    0.0   24.8    0.0    0.0    0.0    0.0    0.0    2.0   12.3   45.6   44.6   15.6    6.0    6.0    4.0   17.0    0.0
2018 09  109.8    0.0    2.0   10.4   48.2    0.0    0.0   10.0    0.0    2.0   35.0   26.6   49.0    0.0           0.0    0.0    0.0   14.0    0.0    0.0    3.0    0.0   17.0   43.2    0.0    0.0    0.0    0.0    0.0       
2018 10    0.0    0.0    0.0    0.0    0.0    0.0    0.0    0.0    0.0    0.0    7.0    2.0   81.6   16.4           0.0    0.0    0.0    0.0    0.0    0.0    0.0    0.0    0.0    0.0    0.0    0.0    9.0    8.6    0.0    0.0
2018 11    0.0    0.0    0.0    0.0    9.0   14.6    0.0    0.0    0.0    0.0    0.0    0.0    0.0    0.0    0.0    0.0    0.0    0.0    0.0    0.0    0.0    0.0    0.0    0.0    0.0    0.0    0.0    0.0    0.0    0.0       
2018 12    0.0    0.0    0.0    0.0    0.0    0.0    0.0    0.0    0.0    0.0    0.0    0.0    0.0    0.0    0.0    0.0    0.0    6.2   22.4    0.0    0.0    0.0    0.0    0.0    0.0    0.0    0.0    0.0    0.0    0.0    0.0
2019 01    0.0    0.0    0.0    0.0    0.0    0.0    0.0    0.0    0.0    0.0    0.0    0.0    0.0    0.0    0.0    0.0    0.0    0.0    0.0    0.0    0.0    0.0    0.0    0.0    0.0    0.0    0.0    0.0    0.0    0.0    0.0
2019 02    0.0    0.0    0.0    0.0    0.0    0.0    0.0    0.0    0.0    0.0    0.0    0.0    0.0    0.0    0.0    0.0    0.0    0.0    0.0    0.0    0.0    0.0    0.0    2.0    0.0    6.4    0.0                            
2019 03    0.0    0.0    0.0    0.0    0.0    0.0    0.0    0.0    0.0    0.0    0.0    0.0    0.0   29.6    0.0   18.6   15.6   21.6    0.0    0.0    0.0    0.0    0.0    0.0    0.0    0.0    4.0    0.0    4.2    2.0    8.6
2019 04   12.4   10.0   17.6    0.0    2.0    0.0   19.6    0.0    2.0   11.4    0.0    0.0    0.0    0.0    0.0    0.0    6.0    0.0    0.0    0.0   16.6    0.0    0.0    0.0    0.0    0.0    0.0  120.6   42.6   22.6       
2019 05    8.0    0.0    2.4    0.0   30.0   20.0   23.0   13.6   30.4   25.0    0.0    0.0    0.0    0.0    7.0   37.6    0.0    4.2    0.0    5.2    0.0    6.0    0.0    0.0   22.8   67.2   74.8    0.0    0.0    0.0   11.4
2019 06   33.2    0.0    5.0    0.0   17.8    0.0   52.2   12.8    0.0   45.8    2.0    0.0    0.0   34.6   26.6   17.6   23.8    5.0   18.6    0.0   14.6   11.8    8.6    0.0    2.0  112.0   88.4   58.2   32.4    0.0       
2019 07   13.0    2.0   19.6    0.0    4.6    0.0    2.0   22.0   50.2   23.0  119.4   78.0   80.0   29.8    8.0   17.2    0.0    0.0    2.0   44.2   30.4   18.8   34.8   42.2  135.8   38.2    1.0    0.0    0.0    3.0   26.6
2019 08   63.8    6.0   54.0   20.0    0.0    0.0    0.0   41.6    0.0   25.4    0.0    0.0   14.8   47.0   13.4    6.8  186.6    8.0    0.2   12.6    0.0    1.2   45.0   16.0   39.6    7.2   16.4   21.0    0.0    0.0   22.6
2019 09    0.0    0.8    0.0    0.0   20.2    4.2    9.4   16.0    8.4    2.0   15.8   10.8   58.0   60.4    9.6    0.2    0.0    0.0    0.0    0.0    0.0    0.0   26.2   27.6    2.8    7.6    0.0    5.4    0.0    5.4       
2019 10    3.6    9.4    0.6    0.0    0.0    0.0    0.0    7.4    2.6   19.0   28.2    0.0    0.0    0.0    0.0   84.6    0.0    0.0    0.0    0.0    0.0    0.0    0.0    0.0   18.2   78.6   91.4    0.0    0.0    0.0    0.0
2019 11    0.0    0.0    0.0    0.0    0.0    0.0    0.0    0.0    0.0    4.2    8.6    6.6    0.0    0.0    0.0    0.0    0.0    0.0    0.0    0.0    0.0    0.0    0.0    0.0    0.0    0.0    0.0    0.0    0.0    0.0       
2019 12    0.0    0.0    0.0    0.0    0.0    0.0    0.0    0.0    0.0    0.0    0.0    0.0    0.0    0.0    0.0    0.0    0.0    0.0    0.0    0.0    0.0    0.0    0.0    0.0    0.0    0.0    0.0    2.0    0.0    0.0    0.0
2020 01    0.0    0.0    0.0   10.0    0.0    0.0    0.0    0.0    0.0    0.0    0.0    0.0    0.0    0.0    0.0    0.0    0.0    0.0    0.0    0.0    0.0    0.0    0.0    0.0    0.0    0.0    0.0    0.0    0.0    0.0    0.0
2020 02    0.0    0.0    0.0    0.0    0.0    0.0    0.0    0.0    0.0    0.0    0.0    0.0    0.0    0.0    0.0    0.0    0.0    1.4    0.0    0.0    0.0    0.0    0.0    0.0    0.0    0.0    0.0    0.0    0.0              
2020 03    0.0    0.0    0.0    0.0   20.2    0.0   20.0    6.2    0.0    0.0    0.0    0.0    0.0    0.0    0.0    0.0    0.0    0.0    0.0    0.0    0.0    2.6    0.0    0.0    0.0    0.0    0.0    0.0    0.0    0.0    0.0
2020 04    0.0    0.0                  0.0    0.0                                                                                               6.0    0.0    0.2    1.6    0.0   21.4    0.0    0.0    4.0   12.0    2.2       
2020 05    0.0    0.0    2.2    0.0   20.6    8.0    0.2    0.1   12.0    0.0    0.0    0.0   13.6   35.0    0.0    0.0   28.2    0.0    0.0    1.0   28.6   28.8    7.8    6.2   61.2   24.6   66.6   17.0   31.0   10.2   32.8
2020 06   41.8  131.6    4.0   69.0  125.8   23.4  116.0    6.4    5.0   14.0   24.6    3.4    6.2    1.4   33.2   37.2    1.4   43.6   10.6   12.6   10.2    6.0   11.8   18.0   44.2   40.5   95.0   38.2   31.0   24.4       
2020 07   85.2   19.0    3.0   56.8   13.4   21.2   12.2    8.0   28.4   17.6   49.2   67.4   47.4   33.8   61.2    4.6   21.6   20.6    4.2   40.6   21.8   51.4   13.8   11.8    0.0   49.0   84.2    2.4   10.0   25.6    8.2
2020 08   20.0    0.0    0.0    0.0    1.0    0.0    6.6    3.8    6.6   19.8    0.4   49.0   13.8    4.2   73.2   13.2   16.6    7.0    7.6   18.8   14.0    7.4   21.4   55.4    0.4   34.0    0.0    4.2   10.4    3.4   31.6
2020 09   71.4    0.4   21.6    0.0    9.0    0.2    8.4   20.5   43.6    4.8    1.0    2.6   29.2    0.6    4.4    8.2   25.4    6.6    0.0    0.0    0.0   25.0   64.1   61.8   25.8   25.2   22.2    4.4   14.0    0.0       
2020 10    0.0   41.2   10.4    7.0   32.8   51.6   21.0   13.4    0.0    0.0    0.0    0.0    0.0    7.2    0.0    0.0    0.0    0.0    0.0    0.0   53.0    7.2   11.8   49.0   31.8    0.0    0.0    0.0    0.0    0.0    0.0
2020 11   54.2    2.0    0.0    0.0    0.0    0.0    0.0    0.0    0.0    0.0    0.0    0.0    0.0    0.0    0.0    0.0    0.0    0.0    0.0    0.0    0.0    0.0    0.0    0.0    0.0    0.0    0.0    0.0    0.0    0.0       
2020 12    0.0    0.0    0.0    0.0    0.0    0.0    0.0    0.0    0.0    0.0    0.0    0.0    0.0    0.0    0.0    0.0    0.0    0.0    0.0    0.0    0.0    0.0    0.0    0.0    0.0    0.0    0.0    0.0    0.0    0.0    0.0
2021 01    0.0    0.0    0.0    0.0    0.0    0.0    0.0    0.0    0.0    0.0    0.0    0.0    0.0    0.0    0.0    0.0    0.0    0.0    0.0    0.0    7.0    0.0    0.0    0.0    0.0    0.0    0.0    0.0    0.0    0.0    0.0
2021 02    0.0    0.0    0.0    0.0    0.0    0.0    0.0    0.0    0.0    0.0    0.0    0.0    0.0    0.0    0.0    0.0    0.0    0.0    0.0    0.0    0.0    0.0    0.0    0.0    0.0    0.0    0.0    0.0                     
2021 03    0.0    0.0    0.0    0.0    0.0                                                                                                                                                                                      
2021 05    0.0    0.0    6.8    0.0    5.2    2.2    0.0   17.2    0.0    0.0    0.4   15.4    0.0   72.4   70.8    2.4   33.0   67.0  132.7   30.2   12.8    4.0    0.0   18.4   34.4    0.0   25.2   14.2    0.0   12.8    4.0
2021 06   12.0   37.6   25.6   31.0   87.6    6.8    2.4   10.2    0.0    0.0   17.2    4.0    4.2    5.6    7.2    1.8    2.6   22.0    1.4    9.2    6.8    5.8    0.0    5.6    1.0    2.0   25.0   83.6    2.0   36.4       
2021 07   40.6    1.0    2.0    0.0    9.2    1.0   80.6   12.6    2.8   12.4   15.0    0.0   45.4   25.2    2.4    4.2    1.4   12.6   27.6    4.0   20.8   85.4    0.0    2.0    4.6    9.4    2.2    0.0   12.0   11.6    6.0
2021 08   15.0   10.6    2.0   25.4    2.2    0.0   32.0   15.6   20.6   10.0   12.6   62.0   42.0   42.6   35.0   40.6   83.4   16.2   10.2    8.6    0.0    6.0   13.2   97.4   17.2   11.6    2.2    1.4   17.0   17.8    7.2
2021 09    2.0    4.2    0.0    0.0    5.0    2.0    1.0    0.0    0.0    1.8    0.0    0.0    0.0    0.0    1.0    0.0    0.0    6.8   12.0    0.0   10.0    0.0    0.0    0.0    0.0    0.0    0.0    0.0    1.0    0.0       
2021 10    0.0    2.0   50.0   30.8   72.0   20.0    0.0    0.0    0.0    0.0    0.0    0.0    0.0    0.0    0.0    0.0    0.0    0.0    4.4    2.0   15.6   53.6    0.0    0.0    0.0    0.0    0.0    0.0    0.0    0.0    0.0
2021 11    0.0    0.0    0.0    0.0    0.0    0.0    0.0    0.0    0.0    0.0    0.0    0.0    0.0    0.0    0.0    0.0    0.0    0.0    0.0    0.0    0.0    0.0    0.0    0.0    0.0    0.0    0.0    0.0    0.0    0.0       
2021 12    0.0    0.0    0.0    0.0    0.0    2.0   60.4   20.2    0.0    0.0    0.0    0.0    0.0    0.0    0.0    0.0    0.0    0.0    0.0    0.0    0.0    0.0    0.0    0.0    0.0    0.0    0.0    0.0    0.0    0.0    0.0
2022 01    0.0    0.0    0.0    0.0    0.0    0.0    0.0    0.0    0.0    0.0    0.0    0.0   31.6    0.0    0.0    0.0    0.0    0.0    0.0    0.0    0.0    0.0    0.0    0.0    0.0    0.0   20.0    0.0    0.0    0.0    0.0
2022 02    0.0    1.2   16.6    0.0   30.0    0.0    0.0    0.0    0.0    0.0    0.0    0.0    0.0    0.0    0.0    0.0    0.0    0.0    0.0    0.0    2.0    0.0    0.0    0.0    0.0    0.0    0.0    0.0                     
2022 03    0.0    0.0    0.0    0.0    0.0    0.0    0.0    0.0    0.0    0.0    0.0    0.0    0.0    0.0    0.0    0.0    0.0    0.0    0.0    0.0    0.0    0.0    0.0    0.0   54.6    7.0   15.0   30.0   30.4    0.0   70.4
2022 04    7.0    0.0    0.0    0.0    4.0    0.0    0.0    0.0    0.0    4.8   31.6   14.0    0.8   31.4    0.0    0.0   12.0   22.0    0.0   10.0    0.0   15.0    2.0   16.0   50.4   10.0   10.0    0.0    0.0              
2022 05    7.2   78.6    2.0   60.6    2.0    0.0    0.0    0.0   45.2   53.6   80.6   69.4  121.6  142.4   93.2   27.3   19.6  100.6  106.0   55.2   25.2   38.0    0.0    0.0    0.0    9.0   10.4    5.0    6.0    4.6    2.8
2022 06   10.0    6.2  100.6  123.0  141.0   30.6    6.4   52.0    1.0   25.6   20.0    2.0   27.4   46.2  147.0   80.2  107.0  208.6  248.6   34.6   11.6   12.2   20.0    2.5    0.4    9.0    5.1    2.8   41.2   18.0       
2022 07   57.2    0.0   17.4   40.2    4.0   30.6    0.0    1.0    0.0    0.0   55.2   60.0    0.0    0.0    0.0   16.2   90.6    2.0    9.0   10.0    4.2    1.0    4.0   12.8    6.2    8.2  112.6   60.6   10.0    2.0   20.0
2022 08   81.8   26.2    2.0   18.2    0.0   18.0    0.0    2.0    0.0    2.0    0.0    0.0    4.6    0.0    3.0    0.0    0.0    0.0    0.0    0.0    0.0    0.0    6.6    0.0    0.0    0.0    9.6    1.0    1.0    7.6   69.0
2022 09   12.0    8.6    6.8   28.2   10.6   11.6    0.0    2.0    0.0    0.0   40.9   41.6    0.0   60.8   11.4   30.0    1.0    0.0    0.0   17.0    3.8    0.0    0.0   12.5           0.0    0.0   10.4    0.0    0.0       
2022 10    0.0    0.0           6.0    1.9    0.0    2.0    2.9   10.0    0.0    6.2  116.4   43.6           2.0    0.0    0.0    0.0    0.0    0.0    0.0    0.0    0.0    4.0   51.2   12.2    0.0    0.0    0.0    0.0    0.0
2022 11    0.0    0.0    0.0    0.0    0.0    0.0    0.0    0.0    0.0    0.0    0.0    0.0    0.0    0.0    0.0    0.0    0.0    0.0    0.0    0.0    0.0    0.0    0.0    0.0    0.0    0.0    0.0    0.0    0.0    0.0       
2022 12    0.0    0.0    0.0    0.0    0.0    0.0    0.0    0.0    0.0    0.0    0.0    0.0    0.0    0.0    0.0    0.0    0.0    0.0    0.0    0.0    0.0    0.0    0.0    0.0    0.0    0.0    9.0    2.0    0.0    0.0       
--------------------------------------------------------------------------------------------------------------------------------------------------------------------------------------------------------------------------------



STATION : KARIMGANJ (AGRO) [,     DISTRICT : KARIMGANJ,     LAT. : 24.6667 DEG. N,     LONG. : 92.5000 DEG. E
--------------------------------------------------------------------------------------------------------------------------------------------------------------------------------------------------------------------------------
YEAR MN  DRF01  DRF02  DRF03  DRF04  DRF05  DRF06  DRF07  DRF08  DRF09  DRF10  DRF11  DRF12  DRF13  DRF14  DRF15  DRF16  DRF17  DRF18  DRF19  DRF20  DRF21  DRF22  DRF23  DRF24  DRF25  DRF26  DRF27  DRF28  DRF29  DRF30  DRF31
--------------------------------------------------------------------------------------------------------------------------------------------------------------------------------------------------------------------------------
--------------------------------------------------------------------------------------------------------------------------------------------------------------------------------------------------------------------------------



STATION : KARIMGANJ (AWS) [,     DISTRICT : KARIMGANJ,     LAT. : 24.8500 DEG. N,     LONG. : 92.3500 DEG. E
--------------------------------------------------------------------------------------------------------------------------------------------------------------------------------------------------------------------------------
YEAR MN  DRF01  DRF02  DRF03  DRF04  DRF05  DRF06  DRF07  DRF08  DRF09  DRF10  DRF11  DRF12  DRF13  DRF14  DRF15  DRF16  DRF17  DRF18  DRF19  DRF20  DRF21  DRF22  DRF23  DRF24  DRF25  DRF26  DRF27  DRF28  DRF29  DRF30  DRF31
--------------------------------------------------------------------------------------------------------------------------------------------------------------------------------------------------------------------------------
2012 03    2.0    0.0    1.0   11.0    0.0    5.0    9.0   16.0    2.0    0.0    0.0    0.0    0.0    0.0    0.0    0.0    0.0    2.0    0.0    0.0    0.0   13.0    0.0    0.0    0.0    0.0    0.0    0.0    0.0    0.0    0.0
2012 04    0.0    0.0    0.0    0.0                  0.0                  0.0                         0.0    0.0    0.0    0.0           1.0           1.0          41.0           0.0    0.0    1.0    0.0    0.0              
2012 05                         0.0    0.0    0.0    0.0    0.0    0.0    0.0                                              0.0                         0.0           0.0                  0.0                                   
2012 06                                                                                                                    0.0                                                                                                  
2012 10                                                                   0.0                                       0.0                  0.0                         0.0    0.0                  0.0    0.0    0.0    0.0    0.0
2012 11    0.0           0.0    0.0                                                                                                                                                                                             
--------------------------------------------------------------------------------------------------------------------------------------------------------------------------------------------------------------------------------



STATION : KARIMGANJ FARM [,     DISTRICT : KARIMGANJ,     LAT. : 24.8833 DEG. N,     LONG. : 92.3333 DEG. E
--------------------------------------------------------------------------------------------------------------------------------------------------------------------------------------------------------------------------------
YEAR MN  DRF01  DRF02  DRF03  DRF04  DRF05  DRF06  DRF07  DRF08  DRF09  DRF10  DRF11  DRF12  DRF13  DRF14  DRF15  DRF16  DRF17  DRF18  DRF19  DRF20  DRF21  DRF22  DRF23  DRF24  DRF25  DRF26  DRF27  DRF28  DRF29  DRF30  DRF31
--------------------------------------------------------------------------------------------------------------------------------------------------------------------------------------------------------------------------------
