DAILY RAINFALL DATA :
--------------------------
MN    = MONTH
DRF01 = DAILY RAINFALL IN MM FOR DATE 01
DRF02 = DAILY RAINFALL IN MM FOR DATE 02
 ...    ...
DRF30 = DAILY RAINFALL IN MM FOR DATE 30
DRF31 = DAILY RAINFALL IN MM FOR DATE 31



STATION : GHARMURA (HYDRO),     DISTRICT : HAILAKANDI,     LAT. : 24.3667 DEG. N,     LONG. : 92.5333 DEG. E
--------------------------------------------------------------------------------------------------------------------------------------------------------------------------------------------------------------------------------
YEAR MN  DRF01  DRF02  DRF03  DRF04  DRF05  DRF06  DRF07  DRF08  DRF09  DRF10  DRF11  DRF12  DRF13  DRF14  DRF15  DRF16  DRF17  DRF18  DRF19  DRF20  DRF21  DRF22  DRF23  DRF24  DRF25  DRF26  DRF27  DRF28  DRF29  DRF30  DRF31
--------------------------------------------------------------------------------------------------------------------------------------------------------------------------------------------------------------------------------
2012 01    0.0    0.0    7.0    0.0    0.0    0.0    0.0    0.0    0.0    8.0    0.0    0.0    0.0    0.0    0.0    0.0    0.0    0.0    0.0    0.0    5.0    0.0    0.0    0.0    0.0    0.0    0.0    0.0    0.0    0.0    0.0
2012 02    0.0    0.0    0.0    0.0    0.0    0.0    0.0    0.0    0.0    0.0    0.0    0.0    0.0    0.0    0.0    0.0    0.0    0.0    0.0    0.0    0.0    0.0    0.0    0.0    0.0    0.0    0.0    0.0   15.0              
2012 03    0.0   11.0   10.2    0.0    0.0    0.0    4.0   15.0   10.0    0.0    0.0    0.0    0.0    0.0    0.0    0.0    0.0    0.0    0.0    0.0    0.0    0.0    0.0    0.0    0.0    0.0    0.0    0.0    0.0    0.0    0.0
2012 04    0.0    0.0    0.0    0.0    0.0    0.0    7.0   10.2   18.3    0.0   11.0   12.2    8.7    5.0    0.0    4.0    6.2    0.0    4.0    6.2    0.0    0.0    0.0   18.8   13.0    0.0    8.2    6.3   28.2   30.0       
2012 05    0.0    6.2    0.0    0.0    0.0    0.0    0.0    0.0    0.0    0.0    0.0   11.6    6.4    5.0   11.6    4.6    3.4    9.4    0.9    4.0    0.0    5.0    0.2    0.0    0.0    0.0   35.2    0.0   23.2   40.0    4.6
2012 06    0.0    0.0   12.3   45.3    0.0   16.3    0.0    0.0    0.0   20.4    0.0    0.0    0.0    0.0    9.2    4.2    0.0    0.0   25.2    0.0    0.0    0.0    0.0    0.0    0.0    0.0    0.0    0.0    0.0    0.0       
2012 07    0.0   25.2    0.0    0.0    0.0    0.0    0.0    0.0    0.0    0.0    0.0    0.0    0.0    2.3    0.0    0.0    0.0    0.0    0.0    5.2   12.3    5.7    2.6    0.0    0.0    5.6    3.2    0.0    0.0    8.2    0.0
2012 08    0.0   12.7    0.0   32.6    6.2    0.0    0.0    0.0    0.0    2.6   31.4    7.6    0.0    0.0    2.2    3.1    6.7    0.0   38.1   12.1    0.0    0.0    0.0    0.0    0.0   62.1   73.6   12.1    0.0   14.7    0.0
2012 09    0.0   56.7    0.0    0.0    6.1   25.7    0.0    0.0    0.0    0.0   24.7    0.0   13.5    0.0   10.0    2.8    5.1    0.0    0.0    0.0    0.0    0.0    0.0    2.1   39.3    0.0    0.0   15.6    5.2    0.0       
2012 10    0.0   23.7   11.0    4.3    9.6    0.0    0.0   59.1    0.0    0.0    7.0    0.0   18.2    0.0    0.0    0.0    0.0    0.0    0.0    0.0    0.0    0.0    0.0    0.0    0.0    0.0    0.0    0.0    0.0    0.0    0.0
2012 11    0.0    0.0    2.0   10.0    7.0   12.2    8.0    0.0    0.0    0.0    0.0    0.0    0.0    0.0    0.0    0.0    0.0    0.0    0.0    0.0    0.0    0.0    0.0    0.0    0.0    0.0    0.0    0.0    0.0    0.0       
2012 12    0.0    0.0    0.0    0.0    0.0    0.0    0.0    0.0    0.0    0.0    0.0    0.0    0.0    0.0    0.0    0.0    0.0    0.0    0.0    0.0    0.0    0.0    0.0    0.0    0.0    0.0    0.0    0.0    0.0    0.0    0.0
2013 01    0.0    0.0    0.0    0.0    0.0    0.0    0.0    0.0    0.0    0.0    0.0    0.0    0.0    0.0    0.0    0.0    0.0    0.0    0.0    0.0    0.0    0.0    0.0    0.0    0.0    0.0    0.0    0.0    0.0    0.0    0.0
2013 02    0.0    0.0    0.0    0.0    0.0    0.0    0.0    0.0    0.0    0.0    0.0    0.0    0.0    0.0    0.0    0.0    0.0    2.0    0.0    0.0    0.0    0.0    0.0    0.0    0.0    0.0    0.0    0.0                     
2013 03    0.0    0.0    0.0    0.0    0.0    0.0    0.0    0.0    0.0    0.0    0.0    0.0    0.0    0.0    0.0    0.0    0.0    0.0    0.0    0.0    0.0    0.0    2.0    0.0    0.1    0.0    9.1    0.0    0.0    0.0    0.0
2013 04    5.0    7.0    0.0    0.0    0.0    0.0    0.0    0.0    0.0    0.0    0.0    0.0    0.0    4.3    0.0   15.2    0.0    5.0    0.0    6.0    1.2    0.0    3.0    0.0    0.0    0.0   13.2    7.0    9.2    0.0       
2013 05    3.4    5.0   20.0   18.0   16.0   18.0   41.0   23.0   50.0   60.0   57.0   37.5   31.6   10.2    0.0   17.6    5.8    0.0   18.5    0.0    0.0    0.0    2.1    0.0   14.2    0.0    2.0   15.5    0.0   14.0    3.2
2013 06    0.0    0.0    0.0    5.2    0.0    5.8    1.4    0.0    7.4    5.0    0.0    0.0    0.0    0.0    0.0   10.0    0.0    0.0    0.0    0.0    0.0    5.1    7.9    0.0   10.2    0.0    0.0    5.3    0.0    0.0       
2013 07    0.0   32.8   41.2    2.4    0.0    5.8    6.8    0.0    0.0    0.0   18.2    5.8   12.2    0.0    2.8   52.2    3.1    0.0    0.0    2.4   15.3    5.2   15.4   12.7    3.2    9.8    0.8    0.0    0.0   67.8    7.4
2013 08    0.0   11.3    0.0   15.8   21.4    0.0    3.4    0.0    0.0    2.4    1.3    0.8    0.0   14.2   23.7   23.1    0.0    3.2    0.0   16.2   49.0    5.4   13.8   13.6    4.8    0.2   18.7    0.0    0.0    1.9    0.0
2013 09    0.0    0.0    0.0    0.0   57.2   23.8    0.0   20.1   23.1    0.0    5.6    0.0    0.0   26.0    0.0    4.8    0.0    0.0    0.0    1.8    0.0    0.0    0.0    3.1    0.0    0.0    0.0    0.0    2.0    2.4       
2013 10    0.0    0.0    0.0    0.0    3.1    0.0    0.0    0.0    0.0    0.0    0.0    0.0    0.0    0.0    0.0    0.0    0.0    0.0    0.0    0.0    4.0    3.0    0.0    0.0    0.0    8.0    0.0    0.0    0.0    0.0    0.0
2013 11    0.0    0.0    0.0    0.0    0.0    0.0    0.0    0.0    0.0    0.0    0.0    0.0    0.0    0.0    0.0    0.0    0.0    0.0    0.0    0.0    0.0    0.0    0.0    0.0    0.0    0.0    0.0    0.0    0.0    0.0       
2013 12    0.0    0.0    0.0    0.0    0.0    0.0    0.0    0.0    0.0    0.0    0.0    0.0    0.0    0.0    0.0    0.0    0.0    0.0    0.0    0.0    0.0    0.0    0.0    0.0    0.0    0.0    0.0    0.0    0.0    0.0    0.0
2014 01    0.0    0.0    0.0    0.0    0.0    0.0    0.0    0.0    0.0    0.0    0.0    0.0    0.0    0.0    0.0    0.0    0.0    0.0    0.0    0.0    0.0    0.0    0.0    0.0    0.0    0.0    0.0    0.0    0.0    0.0    0.0
2014 02    0.0    0.0    0.0    0.0    0.0    0.0    0.0    0.0    0.0    0.0    4.8    0.0    0.0    0.0    0.0    0.0    6.8    0.0    0.0    0.0    0.0    0.0    0.0    0.0    0.0    0.0    0.0    0.0                     
2014 03    0.0    0.0    0.0    0.0    0.0    0.0    0.0    0.0    0.0    0.0    0.0    0.0    0.0    0.0    0.0    0.0    0.0    0.0    0.0   15.0    0.0    0.0    5.2    0.0    0.0    7.5    0.0    8.5    0.0    0.0    0.0
2014 04    0.0    0.0    0.0    4.6    3.0    6.2    4.0    6.2   27.6   32.2   11.2    0.0    0.0    0.0    0.0    0.0    0.0    3.0    0.0    0.0    0.0    0.0    0.0    0.0    0.0    0.0   31.0   14.2   10.0    0.0       
2014 05    0.0    0.0   22.4    3.2   22.2    0.6   31.2   16.0   33.2    1.0   11.2    0.0   49.0    1.2   22.6    5.0    0.0    2.4    0.0    0.0    0.0    0.0    0.0    0.0    5.0    4.6    1.0   22.4   11.4   14.2    0.2
2014 06    0.0    4.8    5.6    4.2    0.0    0.0    0.0    0.0    0.0    3.0    5.6    0.0    0.0    0.0    0.0   16.2    5.0    7.0   10.3   10.0    6.2   26.0   47.8   10.5    0.0   32.4    1.0    0.0    0.0    0.0       
2014 07   26.0    9.2   14.2    0.0    0.0    5.0    5.0    0.0    0.0    0.2    1.6    5.5   88.2   28.5   17.3    9.4    0.0    0.0   48.8   14.6   45.2    3.6    3.4   47.4   28.6    0.0    3.2    6.2   13.6   37.2    8.2
2014 08    0.0   15.2   27.6    3.0    0.0    0.0    7.2    0.6    1.7    3.0    2.9    0.0    5.0   10.1    0.0    5.2    5.0    1.0    0.0    0.4    1.8    2.6    0.0    2.4    0.0    0.6    0.0   15.2    0.0    9.0    2.0
2014 09   23.2    8.2   16.0   52.4    0.0   86.3    5.0   45.1    0.0    0.0    0.0    0.0    0.0   39.8   35.2    1.2    0.0    0.0   86.2   17.5    3.8    0.0   12.8    0.0    0.0    0.0   67.8    0.0    0.0    0.0       
2014 10    0.0    0.0    0.0    0.0    0.0    0.0    0.0    0.0    0.0    0.0   68.0    0.0    0.0    0.0    0.0    0.0    0.0    0.0    0.0    0.0    0.0    0.0    0.0    0.0    0.0    0.0    0.0    0.0    0.0    0.0    0.0
2014 11    0.0    0.0    0.0    0.0    0.0    0.0    0.0    0.0    0.8    0.0    0.0    0.0    0.0    0.0    0.0    0.0    0.0    0.0    0.0    0.0    0.0    0.0    0.0    0.0    0.0    0.0    0.0    0.0    0.0    0.0       
2014 12    0.0    0.0    0.0    0.0    0.0    0.0    0.0    0.0    0.0    0.0    0.0    0.0    0.0    0.0    0.0    0.0    0.0    0.0    0.0    0.0    0.0    0.0    0.0    0.0    0.0    0.0    0.0    0.0    0.0    0.0    0.0
2015 01    0.0    0.0    0.0    0.0    2.0    0.0    0.0    0.0    0.0    0.0    0.0    0.0    0.0    0.0    0.0    0.0    0.0    0.0    0.0    0.0    0.0    0.0    0.0    0.0    0.0    0.0    0.0    0.0    0.0    0.0    0.0
2015 02    0.0    0.0    0.0    0.0    0.0    0.0    0.0    0.0    0.0    0.0    0.0    0.0    0.0    0.0    0.0    0.0    0.0    0.0    0.5    0.0    0.0   25.6    0.0    0.0    0.0    0.0    0.0    0.0                     
2015 03    0.0    0.0    0.0    0.0    1.4    0.0    0.0    0.0    0.0    0.0    0.0    0.0    0.0    0.0    0.0    0.0    0.0    0.0    0.0    0.0    0.0    0.0    0.0    0.0    0.0    0.0    0.0    2.5    0.0    0.0  112.0
2015 04  112.0    0.0   27.0    0.0   27.2   35.6    0.5   37.0    0.0    2.0    1.4    0.0    0.0    0.0    0.0    0.0    0.0    0.0   89.3   30.5   15.0    5.6   37.4    0.0    0.0    0.0    0.0    0.0    0.0   25.0       
2015 05   10.0    0.0    0.0    0.0    0.0    0.0    0.0   24.1    0.0    0.0    0.0    0.0    0.0    0.0    0.0    0.0    0.0   11.0    0.0    0.0    0.0    0.0    0.0   11.3    0.0    0.0   14.2   35.3    0.0    7.4    0.0
2015 06    0.0    5.2    0.0    0.0    0.0    0.0    0.0    0.0    0.0    0.0   21.0    9.2    0.0    0.0    0.0   35.2    0.0    5.6    0.0   10.0   11.0   12.0    0.0    0.0    7.4    2.1    0.0    3.2   14.0    0.0       
2015 07    0.0    4.3    0.0    0.0    0.0    0.0   76.2    0.0   45.3    0.0    0.0    0.0    0.0    0.0    0.0    0.0   12.4   68.2    7.4    0.0   40.0    7.0    0.0    0.0    0.0    0.0    0.0    0.0    0.0    0.0    0.0
2015 08   10.2   22.3    0.0    0.0   57.4   36.2    0.0   13.2    0.0    0.0    0.0   15.2    0.0    0.0    7.0    0.0    4.2    3.0   95.2    0.0    3.0  130.7   57.2   55.2    6.6   41.2   69.2    0.0    5.4    0.0   14.2
2015 09   19.4    0.0    0.0    0.0    0.0    0.0    0.0    0.0    0.0    0.0    0.0    0.0    0.0    0.0   12.3    0.0    0.0    0.0    0.0    0.0   45.2   12.6    0.0   12.4   14.3    0.0    0.0    0.0    0.0    0.0       
2015 10    0.0    0.0    5.2    0.0   10.0    0.0   65.2   32.2    0.0    0.0    7.2   17.4    0.0    0.0    0.0    0.0    0.0    0.0    0.0    0.0    0.0    0.0    0.0    0.0    0.0    0.0    0.0    0.0    0.0    0.0    0.0
2015 11    0.0    8.2    0.0    0.0    0.0    0.0    0.0    0.0    0.0    0.0    0.0    0.0    0.0    0.0    0.0    0.0    0.0    0.0    0.0    0.0    0.0    0.0    0.0    0.0    0.0    0.0    0.0    0.0    0.0    0.0       
2015 12    0.0    0.0    0.0   10.0    0.0    0.0    0.0    0.0    0.0    0.0    0.0    0.0    0.0    0.0    0.0    0.0    0.0    0.0    0.0    0.0    0.0    0.0    0.0    0.0    0.0    0.0    0.0    0.0    0.0    0.0    0.0
2016 01    0.0    0.0    0.0    0.0    0.0    0.0    7.4    0.0    0.0    0.0    0.0    0.0    0.0    0.0    0.0    0.0    0.0    0.0    0.0    4.0    0.0    0.0    0.0    0.0    0.0    0.0    0.0    0.0    0.0    0.0    0.0
2016 02    0.0    0.0    0.0    0.0    0.0    0.0    0.0    0.0    0.0    0.5    0.0   11.2    0.0    0.0    0.0    0.0    0.0    0.0    0.0    0.0    0.0    5.2    3.5   22.5   35.2    0.0    0.0    0.0    0.0              
2016 03    0.0    0.0    0.0    0.0    0.0    0.0    0.0    0.0    0.0    0.0    3.5    0.0    0.0    0.0    0.0    0.0    0.0    0.0    0.0    0.0    7.0    0.0    0.0    0.0    0.0    0.0    0.0    0.0   35.5    0.0    0.0
2016 04    0.0    0.0   21.0   13.0   21.2   56.8    0.0    2.0   11.2    0.0    0.0    0.0    0.0    0.0   15.5   10.5   13.2    9.5    0.0    0.0    0.0   16.2  200.7   10.0    8.5    3.0    0.0    4.0    0.0    0.0       
2016 05    0.0    0.0   13.0   14.2    0.0    0.0    3.0    0.0    0.0    0.0    0.0    4.0    2.0   10.2   13.3   15.2    0.0  220.0   13.5    3.0    5.0    5.3    0.0    7.5    4.2           6.0    4.2    0.0    9.0    0.0
2016 06    0.0    0.0    0.0    0.0    0.0    0.0    3.0   11.2    7.0    4.0   11.4    0.0    8.0    0.0    0.0    0.0   12.2    8.0    0.0    0.0    0.0    0.0    8.4    0.0    0.0    0.0    0.0   15.2   13.1    8.2       
2016 07    0.0    0.0    0.0    5.3    0.0    0.0    0.0   42.2    0.0    0.0    0.0    0.0    0.0    0.0    0.0    5.3    0.0   11.3    0.0    0.0    0.0    0.0    0.0    0.0    5.2    0.0   24.2    0.0   11.3   30.2    0.0
2016 08    0.0    0.0    0.0    0.0    5.2    0.0    0.0    0.0   15.0    0.0    0.0    0.0    0.0    0.0   25.3   72.1    0.0   75.0    5.0   10.0    0.0    0.0    0.0    0.0    0.0    0.0   10.3    0.0    0.0    5.0   22.0
2016 09   22.3    0.0    0.0    0.0    5.2   17.3    0.0    5.6    0.0    0.0    0.0    0.0   26.4  115.2    0.0    0.0    0.0    0.0    0.0    5.2    0.0   35.2    0.0    0.0    0.0   10.2    5.2    0.0    0.0    0.0       
2016 10    6.2    0.0    0.0    0.0    0.0    0.0    0.0    0.0    5.2    0.0   10.0    0.0    0.0    0.0    0.0    0.0    0.0    0.0    0.0    0.0    0.0    0.0    0.0    0.0    0.0    0.0    0.0   11.2    0.0    0.0    0.0
2016 11    0.0    0.0    0.0    0.6   11.0   14.4   17.0    0.0    0.0    0.0    0.0    0.0    0.0    0.0    0.0    0.0    0.0    0.0    0.0    0.0    0.0    0.0    0.0    0.0    0.0    0.0    0.0    0.0    0.0    0.0       
2016 12    0.0    0.0    0.0    0.0    0.0    0.0    0.0    0.0    0.0    0.0    0.0    0.0    0.0    0.0    0.0    0.0    0.0    0.0    0.0    0.0    0.0    0.0    0.0    0.0    0.0    0.0   12.2    0.0    0.0    0.0    0.0
2017 09    0.0    7.2    0.0    0.0    0.0    0.0   18.8    0.0    0.0    0.0    8.4    0.0    0.0    0.0    0.0    0.0    0.0    2.1    2.0    0.0    0.0    0.0    0.0    0.0    0.0    0.0    0.0   25.6    0.0   20.0       
2017 10    6.2    0.0    0.0    0.0    0.0    0.0   17.2    0.0    0.0    0.0    0.0    0.0    5.2    0.0    0.0    0.0    0.0    0.0   15.3    7.4    3.2   10.2    0.0    0.0    0.0    0.0    0.0    0.0    0.0   45.4    0.0
2017 11    0.0    0.0    0.0    0.0    0.0    0.0    0.0    0.0    0.0    0.0    0.0    0.0    0.0    0.0    0.0    0.0    3.0    0.0    0.0    0.0    0.0    0.0    0.0    0.0    0.0    0.0    0.0    0.0    0.0    0.0       
2017 12    0.0    0.0    0.0    0.0    0.0    0.0    0.0    0.0   20.4   25.2   15.2    6.5    0.0    0.0    0.0    0.0    0.0    0.0    0.0    0.0    0.0    0.0    0.0    0.0    0.0    0.0    0.0    0.0    0.0    0.0    0.0
2018 01    0.0    0.0    4.0    0.0    0.0    0.0    0.0    0.0    0.0    0.0    0.0    0.0    0.0    0.0    0.0    0.0    0.0    0.0    0.0    0.0    0.0    0.0    0.0    0.0    0.0    0.0    0.0    0.0    0.0    0.0    0.0
2018 02    0.0    0.0    0.0    0.0    0.0    0.0    0.0    0.0    0.0    0.0    0.0    0.0    0.0    0.0    0.0    0.0    0.0    0.0    0.0    0.0    0.0    0.0    0.0    5.2    0.0    7.0    0.0    0.0                     
2018 03    0.0    0.0    0.0    0.0    0.0    0.0    0.0    0.0    0.0    0.0    0.0    0.0    0.0    0.0    0.0    6.2    0.0    0.0    0.0    0.0    0.0    0.0    0.0    0.0    0.0    0.0   15.2    0.0   12.0   15.2    4.0
2018 04    0.0    0.0    0.0    0.0    0.0    5.4    0.0    0.0    0.0   11.8    0.0    5.4    0.0    0.0    0.0    0.0    0.0    0.0   40.0    7.2   24.4    0.0    0.0    0.0    0.0    0.0    0.0    0.0    7.0   12.0       
2018 05   21.2    0.0    7.0    4.0   25.2    7.6   28.6   11.4    2.0    8.4   35.0    4.2    0.0    0.0    7.2   35.2    0.0    0.0    0.0    0.0    5.4    7.2    0.0    0.0    6.0   12.2    0.0    0.0    0.0   48.0       
2018 06    0.0    0.0   15.4    0.0    0.0    0.0    0.0    0.0   45.7    0.0   12.2  107.0    9.4    0.0   41.5   32.2    0.0    5.4    0.0    0.0    0.0    0.0    0.0    8.6   15.2    0.0   17.2    0.0    0.0    0.0       
2018 07    0.0    0.0    0.0           0.0    0.0    0.0    5.4    0.0    5.2   12.4    0.0    5.3    0.0    3.7    0.0    0.0    0.0    0.0    0.0   17.2    5.2    0.0    5.4   11.4   15.2   22.4    0.0    0.0    2.1    0.0
2018 08   20.2    5.3    0.0    0.0   34.2   16.4    0.0   35.8   36.7    0.0    0.0   16.4   43.2   23.6   10.8  117.0   45.5    0.0    0.0    0.0    3.2    5.2    0.0    0.0    0.0    5.2    0.0    8.2    2.0    0.0   25.5
2018 09   28.6    9.3    0.0    5.3   13.2    9.4   25.8    0.0   12.2    0.0    0.0    0.0    0.0    3.8    0.0    0.0    0.0    0.0   17.2    0.0    0.0    0.0    0.0   30.2    7.9    3.5    0.0   24.8    0.0    0.0       
2018 10    0.0    3.2    0.0    0.0    0.0    0.0    0.0    0.0    0.0    0.0    2.1    3.4    0.0    0.0    0.0    0.0    0.0    0.0    0.0    0.0    0.0    0.0    0.0    0.0    0.0    0.0    0.0   80.2   12.4    0.0    0.0
2018 11    0.0    0.0    0.0    0.0    3.2    0.0    0.0    0.0    0.0    0.0    0.0    0.0    0.0    0.0    0.0    0.0    0.0    0.0    0.0    0.0    0.0    0.0    0.0    0.0    0.0    0.0    0.0    0.0    0.0    0.0       
2018 12    0.0    0.0    0.0    0.0    0.0    0.0    0.0    0.0    0.0    0.0    0.0    0.0    0.0    0.0    0.0    0.0    0.0    8.2   12.4    0.0    0.0    0.0    0.0    0.0    0.0    0.0    0.0    0.0    0.0    0.0    0.0
2019 01    0.0    0.0    0.0    0.0    0.0    0.0    0.0    0.0    0.0    0.0    0.0    0.0    0.0    0.0    0.0    0.0    0.0    0.0    0.0    0.0    0.0    0.0    0.0    0.0    0.0    0.0    0.0    0.0    0.0    0.0    0.0
2019 02    0.0    0.0    0.0    0.0    0.0    0.0    0.0    0.0    0.0    0.0    0.0    0.0    0.0    0.0    0.0    0.0    0.0    0.0    0.0    0.0    0.0    0.0    0.0    0.0    0.0   17.2    0.0    5.2                     
2019 03   12.4    0.0    0.0    0.0    6.4    0.0    4.4    0.0    0.0    0.0    0.0    0.0    0.0    0.0    0.0    0.0    0.0    6.9    0.0    0.0    0.0   13.4   10.4    0.0    0.0    0.0    0.0    7.0    0.0    0.0       
2019 04   60.4   12.2    6.2    0.0   13.8    0.0    1.2    3.8   19.8   12.2    0.0    0.0    0.0    0.0    0.0    7.3    1.2    0.0    0.0    0.0    5.2    0.0    0.0    0.0    0.0    0.0    0.0   78.8   23.2   10.4       
2019 05           0.0    1.8   59.8   13.0    0.0    0.0    0.0    0.0    0.0    0.0   12.4    8.8    4.3    4.6   99.6   55.8    8.9   11.4    0.0    0.0   27.8   32.4   75.6   34.6   10.6   18.4    0.0    0.0    0.0    0.0
2019 06   63.8    3.4    0.0    9.6   16.8    1.8   24.0    3.2    4.2    0.0    7.6    0.0    0.0   22.8    4.4    0.0    1.8    0.0    0.0    3.4    4.6    7.2    3.2    0.0    0.0    0.0   64.2   10.2   21.2   45.6       
2019 07    0.0    4.2   25.4   17.6   32.8    2.2    1.2    7.2   11.8   15.4   13.4   40.4   14.6   26.6   38.0    7.8    0.0    0.0    2.8    0.0   31.8   23.2    8.4    4.8   32.2   19.0    3.2    9.3    0.6   11.5    0.0
2019 08    0.0    0.0   22.5    9.8   16.2    0.0    0.0   88.1    0.0    0.0    0.0    0.0   31.5   30.1    0.0   33.6    1.6    6.5    0.0    6.2    0.0   18.0   28.4   26.3   65.4    9.4    2.6   25.8    0.0    2.0   14.2
2019 09    0.0    0.0    0.0    0.0   29.6   15.7    5.8   17.7    3.2    0.0    5.2    2.2    4.7    1.0    0.0    0.0   10.8    0.0    0.0    0.0    0.0    0.0   17.6    7.8    2.4    0.0    0.0    3.8    0.0    8.8       
2019 10   11.4    0.0    0.0    0.0   10.2    0.0   23.6   10.2    9.6   20.6    7.2    2.2    0.0    0.0    0.0   18.8    0.0    0.0    0.0    0.0    0.0    1.2    0.0    0.0    0.0   16.8   37.6    0.0    0.0    0.0    0.0
2019 11    0.0    0.0    0.0    0.0    0.0    0.0    0.0    0.0   11.0    6.9   10.8    2.0    0.0    0.0    0.0    0.0    0.0    0.0    0.0    0.0    0.0    0.0    0.0    0.0    0.0    0.0    0.0    0.0    0.0    0.0       
2019 12    0.0    0.0    0.0    0.0    0.0    0.0    0.0    0.0    0.0    0.0    0.0    0.0    0.0    0.0    0.0    0.0    0.0    0.0    0.0    0.0    0.0    0.0    0.0    0.0    0.0    0.0    0.3    4.2    0.0    0.0    0.0
2020 01    0.0    0.0    1.3   19.9    0.0    0.0    0.0    0.0    0.0    0.0    0.0    0.0    0.0    0.0    0.0    0.0    0.0    0.0    0.0    0.0    0.0    0.0    0.0    0.0    0.0    0.0    0.0    0.0    0.0    0.0    0.4
2020 02    0.0    0.0    0.0    0.0    0.0    0.0    0.0    0.0    0.0    0.0    0.0    0.0    0.0    0.0    0.0    0.0    0.0    0.0    0.0    0.0    0.0    0.0    0.0    0.0    0.0    0.0    0.0    0.0    0.0              
2020 03    0.0    0.0    0.0    0.0    0.0    0.0    0.0    0.0    0.0    0.0    0.0    0.0    0.0    0.0    0.0    0.0    0.0    0.0    0.0    0.0    0.0    0.0    0.0    0.0    0.0    0.0    0.0    0.0    0.0    0.0    0.0
2020 04    0.0    0.0           0.0    0.0    0.0                                                                                              26.0    0.0    0.0   32.0    0.0   14.4    0.0    0.0    0.4   22.8   15.0       
2020 05    0.6    0.0    2.5    0.2    1.5    1.8    6.8    0.0    0.0    0.0    0.0    0.0   30.2    1.2   10.4    0.2   14.7    0.0    0.0    3.2    7.6    4.8   15.2    0.0    0.0   10.2   79.2   21.8   35.4   15.4   13.7
2020 06    7.4   37.2    0.0   14.4   25.8    0.0   13.0   10.0    7.6   14.8   34.0    3.2   21.6   27.4   62.2    0.0    7.4   22.2    2.4    0.0   14.8    0.4   12.5    0.4    7.8    2.8    4.4    1.8   11.0    1.8       
2020 07   45.2   17.5    5.2   11.0    5.5   10.9    1.6    2.0    1.2    0.0    0.4   60.2    0.2    1.0   15.0    7.0   13.7    0.0    0.0    3.0   17.2   16.5    0.0   25.1    0.0   57.4   29.5    6.8    5.0   10.4   56.3
2020 08    0.0    0.8    0.0   27.8    0.0   33.4    7.0    1.2    0.0    2.2    3.1    6.8    0.0   73.2    8.9    4.6    3.0    0.0    1.4    2.4   15.6    5.9    0.0    1.8    0.6   13.2    1.6    0.0   16.2    0.0   25.2
2020 09    9.0    4.8    0.0    0.0    0.0   27.6    0.0    0.0    0.0   63.4   11.6    0.0    0.6    5.2    8.6   31.0    4.4    0.6    0.0    0.0    0.0   22.0    2.2    2.0   13.6    0.0    3.2    6.0    0.0    0.0       
2020 10    0.0    4.2   70.1   91.2    2.4   33.8   31.0    0.0    0.0    1.8    0.0    0.0    0.0    1.2    0.0    0.0    0.0   57.9    0.0    0.0    2.6   16.4   14.8   33.0    0.0    0.0    0.0    0.0    0.0    0.0    0.0
2020 11   81.8    0.2    0.0    0.0   19.2    0.0    0.0    0.0    0.0    0.0    0.0    0.0    0.0    0.0    0.0    0.0    0.0    0.0    0.0    0.0    0.0    0.0    0.0    0.0    0.0    0.0    0.0    0.0    0.0    0.0       
2020 12    0.0    0.0    0.0    0.0    0.0    0.0    0.0    0.0    0.0    0.0    0.0    0.0    0.0    0.0    0.0    0.0    0.0    0.0    0.0    0.0    0.0    0.0    0.0    0.0    0.0    0.0    0.0    0.0    0.0    0.0    0.0
2021 01    0.0    0.0    0.0    0.0    0.0    0.0    0.0    0.0    0.0    0.0    0.0    0.0    0.0    0.0    0.0    0.0    0.0    0.0    0.0    0.0    9.0    0.0    0.0    0.0    0.0    0.0    0.0    0.0    0.0    0.0    0.0
2021 02    0.0    0.0    0.0    0.0    0.0    0.0    0.0    0.0    0.0    0.0    0.0    0.0    0.0    0.0    0.0    0.0    0.0    0.0    0.0    0.0    0.0    0.0    0.0    0.0    0.0    0.0    0.0    0.0                     
2021 03    0.0    0.0    0.0    0.0    0.0    0.0    3.4    6.0    9.6    0.0    0.0    0.0    0.0    0.0    0.0    0.0    0.0    0.0    0.0    0.0    0.0    0.0    0.0    0.0    0.0    0.0    0.0    0.0    0.0   38.2   20.6
2021 04    0.0    0.0    0.0    0.0    0.0    0.0    0.0    0.0    0.0    0.0    0.0    0.0    0.0    0.0    0.0    0.0    0.5    0.0   38.2    0.0    0.0    0.0    0.0    0.0    0.0    0.0    0.0    0.0    0.0    0.0       
2021 05    0.0    0.0   30.8    0.0    0.0    0.0    0.0   13.5    0.0    0.2   12.4    0.0   18.8   31.0   29.4    4.5    0.0   35.4    5.4   31.2   16.2    0.0    0.0   14.4   37.5    0.0    0.6    0.0    0.0    0.0    0.0
2021 06    0.0    6.0    0.0    0.0   21.0   19.6    5.4    3.8    0.1   31.0   17.4    7.4   12.0    5.4    0.0    7.2   20.0   39.0    0.8    1.2    2.0    0.0    7.8   10.0    4.8    7.4    0.0    0.0    0.0   24.0       
2021 07   33.9    0.0    0.0    2.1    0.0    0.0    3.8    5.6    1.8   68.2    5.6    0.0   12.2    7.0    6.2    0.0    0.0    0.0   72.6   12.0   26.8    0.0    0.0   15.2    1.8    0.0    3.0   16.0    4.0    0.6   42.4
2021 08    0.8   28.0   21.8   22.0   21.0    7.3   20.4    3.4    1.2    0.4    0.0    0.0    0.0    5.2    0.0   16.4   13.6    3.2    1.2    2.0    6.2    9.1    0.1   27.8    0.0    0.0    9.0   47.4    7.2    3.0    2.4
2021 09    9.8    0.0    2.3    7.2    4.0    0.0   16.9    5.0   10.6    0.0    0.0    0.0    1.0    0.0    7.6    3.8   24.8    1.4   49.4    1.4    1.6    1.2    0.0    0.0    0.0    0.0    0.0    0.0   27.4    6.8       
2021 10    1.4    1.8   48.0   11.2    0.0    0.0    0.0    0.0   10.2   32.8    0.0    0.0    0.0    0.0    0.0    0.0    0.0    0.0   11.8    2.4   27.0   15.2    0.0    0.0    0.0    0.0    0.0    0.4    0.0    0.0    0.0
2021 11    0.0    0.0    0.0    0.0    0.0    0.0    0.0    0.0    0.0    0.0    0.0    0.0    0.0    0.0    0.0    0.0    0.0    0.0    0.0    0.0    0.0    0.0    0.0    0.0    0.0    0.0    0.0    0.0    0.0    0.0       
2021 12    0.0    0.0    0.0    0.0    0.2    0.4   49.4   23.0    0.0    0.0    0.0    0.0    0.0    0.0    0.0    0.0    0.0    0.0    0.0    0.0    0.0    0.0    2.5    0.0    0.0    0.0    0.0    0.0    0.0    0.0    0.0
2022 01    0.0    0.0    0.0    0.0    0.0    0.0    0.0    0.0    0.0    0.0    0.0    0.0    0.2    0.0    0.0    0.0    0.0    0.0    0.0    0.0    0.0    0.0    0.0    0.8    0.0    0.0    3.6    9.2    0.0    0.0    0.0
2022 02    0.0    0.0    7.6    0.0    3.0    2.0    0.0    0.0    0.0    0.0    0.0    0.0    0.0    0.0    0.0    0.0    0.0    0.0    0.0    0.0    0.0    0.0    0.0    0.0    0.0    0.0    0.0    0.0                     
2022 03    0.0    0.0    0.0    0.0    0.0    0.0    0.0    0.0    0.0    0.0    0.0    0.0    0.0    0.0    0.0    0.0    0.0    0.0    0.0    0.0    0.0    0.0    0.0    0.0    0.0    0.0    5.0    8.0    0.0    0.0    5.0
2022 04    0.0    0.0    0.0    0.0    0.0    0.0    0.0    0.0    0.0    0.0    6.8    0.0    0.0    0.0    0.0    0.0   22.4    0.2    0.0   37.0    0.6    4.2    0.0   20.0    0.0    1.4    0.0    0.0    0.0              
2022 05    0.4   16.8    0.0   16.8    0.0    0.0    0.0    0.0   17.2   26.0   16.3   21.4   12.0   38.2    1.6    0.0    2.2   54.0   26.0   29.6   31.3    5.4   45.0    0.0    7.2    0.6    2.4   22.2    0.0    4.2   78.2
2022 06    0.0    2.8   19.2    1.2   75.4   48.0    0.0    1.2    0.5    8.4    0.0    0.0    0.0   28.8   31.4   13.4    6.8   97.4   63.4   15.4   10.6   14.5    8.4    0.0    5.2    4.0    0.0    6.0    4.2   15.2       
2022 07    1.4   18.8   78.0   45.6    0.6   24.0  137.8   24.4    0.0    1.0   18.6    0.0   10.2    0.0    0.0    3.4    4.1   31.8    0.0    1.0    0.5    3.6   51.2    4.4   14.6    0.0   12.2    0.0    3.2    0.8   40.6
2022 08    1.6    3.4    2.3   41.0    0.0   33.2    3.6    0.0   31.2   21.0    0.4    1.6    5.4    2.5   14.2    0.0    0.0    0.0    0.0   36.8    2.6    0.0    4.8   31.4    0.0    0.0   46.2    0.0   14.5    0.6   22.0
2022 09    8.2   14.4   28.2   17.6    2.6   15.4    3.0   16.0    0.0    1.4   29.2   14.8   28.6   13.6    0.0    0.0    1.8    0.0   67.8    0.0    0.6    0.0    0.0    1.2    0.0    3.2    0.0    0.0    0.0    0.0       
2022 10    6.9    2.1   50.8    0.0   79.9    0.0    0.0    0.0    2.7    3.3    7.9    2.2   52.8    0.0    0.0    0.0    0.0    2.8    2.2    0.0    0.0    0.0    0.0   17.4    5.6    2.5    0.0    0.0    0.0    0.0    0.0
2022 11    0.0    0.0    0.0    0.0    0.0    0.0    0.0    0.0    0.0    0.0    0.0    0.0    0.0    0.0    0.0    0.0    0.0    0.0    0.0    0.0    0.0    0.0    0.0    0.0    0.0    0.0    0.0    0.0    0.0    0.0       
2022 12    0.0    0.0    0.0    0.0    0.0    0.0    0.0    0.0    0.0    0.0    0.0    0.0    0.0    0.0    0.0    0.0    0.0    0.0    0.0    0.0    0.0    0.0    0.0    0.0    0.0    0.0    1.5    7.4    0.0    0.0    0.0
--------------------------------------------------------------------------------------------------------------------------------------------------------------------------------------------------------------------------------



STATION : HAILAKANDI [,     DISTRICT : HAILAKANDI,     LAT. : 24.7000 DEG. N,     LONG. : 92.5833 DEG. E
--------------------------------------------------------------------------------------------------------------------------------------------------------------------------------------------------------------------------------
YEAR MN  DRF01  DRF02  DRF03  DRF04  DRF05  DRF06  DRF07  DRF08  DRF09  DRF10  DRF11  DRF12  DRF13  DRF14  DRF15  DRF16  DRF17  DRF18  DRF19  DRF20  DRF21  DRF22  DRF23  DRF24  DRF25  DRF26  DRF27  DRF28  DRF29  DRF30  DRF31
--------------------------------------------------------------------------------------------------------------------------------------------------------------------------------------------------------------------------------
--------------------------------------------------------------------------------------------------------------------------------------------------------------------------------------------------------------------------------



STATION : HAILAKANDI (AWS) [,     DISTRICT : HAILAKANDI,     LAT. : 24.6667 DEG. N,     LONG. : 92.5500 DEG. E
--------------------------------------------------------------------------------------------------------------------------------------------------------------------------------------------------------------------------------
YEAR MN  DRF01  DRF02  DRF03  DRF04  DRF05  DRF06  DRF07  DRF08  DRF09  DRF10  DRF11  DRF12  DRF13  DRF14  DRF15  DRF16  DRF17  DRF18  DRF19  DRF20  DRF21  DRF22  DRF23  DRF24  DRF25  DRF26  DRF27  DRF28  DRF29  DRF30  DRF31
--------------------------------------------------------------------------------------------------------------------------------------------------------------------------------------------------------------------------------
2012 03    0.0    0.0    0.0    0.0    0.0    0.0    0.0    0.0    0.0    0.0    0.0    0.0    0.0    0.0    0.0    0.0    0.0    0.0    0.0    0.0    0.0    0.0    0.0    0.0    0.0    0.0    0.0    0.0    0.0    0.0    0.0
2012 04    0.0    0.0    0.0    0.0           0.0    0.0    0.0    0.0    0.0           0.0           0.0           0.0                  0.0    0.0    0.0    0.0    0.0    0.0           0.0    0.0    0.0    0.0    0.0       
2012 05    0.0    0.0    0.0    0.0    0.0    0.0    0.0    0.0    0.0    0.0    0.0    0.0    0.0    0.0    0.0    0.0    0.0           0.0    0.0    0.0    0.0    0.0    0.0    0.0    0.0    0.0    0.0                  0.0
2012 06    0.0    0.0    0.0    0.0    0.0    0.0    0.0    0.0    0.0    0.0           0.0    0.0    0.0    0.0    0.0    0.0    0.0           0.0           0.0    0.0                                              0.0       
2012 07           0.0    0.0    0.0    0.0    0.0    0.0    0.0           0.0                  0.0    0.0           0.0                                                                                                         
2012 10                                                                          0.0           0.0    0.0                                                                                                                       
2013 01    0.0    0.0    0.0           0.0    0.0    0.0    0.0    0.0           0.0           0.0    0.0    0.0    0.0    0.0    0.0    0.0    0.0    0.0           0.0    0.0    0.0    0.0           0.0    0.0    0.0    0.0
2013 03           0.0    0.0    0.0           0.0    0.0                                                                          0.0                  0.0           0.0           0.0    0.0    0.0    0.0                     
2013 04           0.0                                                                                                                                                                                                           
2022 04           0.0    0.0   13.0    0.0    0.0    0.0    0.0    0.0    3.5   40.5    7.5    1.0   13.5   15.0    3.0    2.5   14.5    0.0   32.5    0.5   37.5   13.5   18.0    8.0   10.5    8.0    0.0    0.0    6.5       
2022 05    5.5   50.5    0.0   10.5    0.0    4.5    0.0    0.0    3.0   34.5   31.0   27.5   35.0   64.5   16.0    8.5   86.5   11.5   65.5   37.0   19.0   32.0   32.3    0.0    5.0   28.0   28.0    0.0    0.0    0.0   24.5
2022 06   39.0    0.0   60.5   19.5   86.5    3.0    0.0    4.5    0.0                                                                                                                                                          
2022 09   66.5                 50.0    0.0    3.5    0.0    5.5    0.0    0.0   24.0           0.5   10.5    5.5    7.5   92.0    0.0    5.5   37.0    1.5    9.0    0.0   68.0   11.5    1.0    0.5    0.0    0.0    0.0       
2022 10    0.0    0.0   19.5    1.5   20.0    0.0    0.0    0.0   14.0    0.0    1.5   17.0   17.5    0.0    0.0    0.5    0.0    0.0    0.0    0.0    0.0    0.0    0.0    5.5   18.5    1.0    0.0    0.0    0.0    0.0    0.0
2022 11    0.0    0.0    0.0    0.0    0.0    0.0    0.0    0.0    0.0    0.0    0.0    0.0    0.0    0.0    0.0    0.0    0.0    0.0    0.0    0.0    0.0    0.0    0.0    0.0    0.0    0.0    0.0    0.0    0.0    2.5       
2022 12    0.0    0.0    0.0    0.0    0.0    0.0    0.0    0.0    0.0    0.0    0.0    0.0    0.0    0.0    0.0    0.0    0.0    0.0    0.0    0.0    0.0    0.0    0.0    0.0    0.0    0.0    0.0    0.0    0.0    0.0    0.0
--------------------------------------------------------------------------------------------------------------------------------------------------------------------------------------------------------------------------------



STATION : MATIGHURA 
(HYDRO) [,     DISTRICT : HAILAKANDI,     LAT. : 24.6667 DEG. N,     LONG. : 92.6000 DEG. E
--------------------------------------------------------------------------------------------------------------------------------------------------------------------------------------------------------------------------------
YEAR MN  DRF01  DRF02  DRF03  DRF04  DRF05  DRF06  DRF07  DRF08  DRF09  DRF10  DRF11  DRF12  DRF13  DRF14  DRF15  DRF16  DRF17  DRF18  DRF19  DRF20  DRF21  DRF22  DRF23  DRF24  DRF25  DRF26  DRF27  DRF28  DRF29  DRF30  DRF31
--------------------------------------------------------------------------------------------------------------------------------------------------------------------------------------------------------------------------------
2012 01    1.0    1.2    0.0    0.0    0.0    0.0    0.0    0.0    0.0    0.0    0.0    0.0    0.0    0.0    0.0    0.0    0.0    0.0    3.0    0.0    3.0    0.0    0.0    0.0    0.0    0.0    0.0    0.0    0.0    0.0    0.0
2012 02    0.0    0.0    0.0    0.0    0.0    0.0    0.0    0.0    0.0    0.0    0.0    0.0    0.0    0.0    0.0    0.0    0.0    0.0    0.0    0.0    0.0    0.0    0.0    0.0    0.0    0.0    0.0    0.0    2.5              
2012 03    3.0   20.0    0.0    0.0    0.0    0.0    0.0   20.0   30.0    0.0    0.0    0.0    0.0    0.0    0.0    0.0    0.0    0.0    0.0    0.0    0.0    0.0    0.0    0.0    0.0    0.0    0.0    0.0    0.0    0.0    0.0
2012 04    0.0    0.0    0.0    0.0    3.0    0.0    6.0    5.0    7.5    7.0    8.0    3.0   70.0    0.0    0.0   95.0   13.5    5.0   55.5   25.0    2.5    2.0    0.0   90.2   56.5   70.1   21.3   48.0   42.4   80.5       
2012 05   20.2    5.0    5.3    3.5    0.0    0.0    0.0    0.0    0.0    0.0    0.0    0.0    2.5    7.5    5.6    0.0    0.0    3.6    0.0    0.0    0.0   30.2   25.6    8.6    8.5    0.0    5.2   62.5    0.0   70.5   50.2
2012 06    0.0   87.4   20.9   61.4    1.2    0.0    0.0    0.0    5.3   10.0    6.5    0.0    0.0    5.0   20.5   15.6    0.0    0.0   90.6   11.2  105.2   35.1    5.3    6.1   19.2    4.1   62.1    0.0    0.0    0.0       
2012 07   20.0    0.0    0.0   15.2    5.2    0.0    0.0    5.1    0.0    0.0    5.0    0.0    0.0   50.5   12.4    0.0    0.0    1.5    0.0    0.0   65.0    0.0   10.2    5.2    0.0    0.0   25.3    7.8   10.0   70.2    0.0
2012 08    0.0    1.3    0.0    0.0    0.0    8.3   10.0   15.6    0.0   19.8   11.7    2.5    3.4    0.0   50.1    0.0    0.0    0.0    3.7   65.5    0.0    0.0    0.0    0.0    0.0   50.2    0.0    2.0   39.5   20.5   10.0
2012 09    3.5    6.8    0.0   35.0    3.7    0.0    0.0    0.0    0.0   10.2   70.2    0.0   37.0    0.0   40.7    8.2    2.2    0.0    7.9    5.0    0.2    0.0   10.2    7.8    3.7    7.6    4.9    9.5    3.8    0.0       
2012 10    0.0    1.0   27.7   45.5   45.6    0.0    0.0   30.2    2.3    6.7   15.2   86.3    0.0    0.0    0.0    0.0    0.0    0.0    0.0    0.0    0.0    0.0    0.0    0.0    0.0    0.0    0.0    0.0    0.0    0.0    0.0
2012 11    0.0    0.0    0.0    5.0    3.5    5.0    8.0    2.0    0.0    0.0    0.0    0.0    0.0    0.0    0.0    0.0    0.0    0.0    0.0    0.0    0.0    0.0    0.0    0.0    0.0    0.0    0.0    0.0    0.0    0.0       
2012 12    0.0    0.0    0.0    0.0    0.0    0.0    0.0    0.0    0.0    0.0    0.0    0.0    0.0    0.0    0.0    0.0    0.0    0.0    0.0    0.0    0.0    0.0    0.0    0.0    0.0    0.0    0.0    0.0    0.0    0.0    0.0
2013 01    0.0    0.0    0.0    0.0    0.0    0.0    0.0    0.0    0.0    0.0    0.0    0.0    0.0    0.0    0.0    0.0    0.0    0.0    0.0    0.0    0.0    0.0    0.0    0.0    0.0    0.0    0.0    0.0    0.0    0.0    0.0
2013 02    0.0    0.0    0.0    0.0    0.0    0.0    0.0    0.0    0.0    0.0    0.0    0.0    0.0    0.0    0.0    0.0    0.0    5.0    0.0    0.0    0.0    0.0    0.0    0.0    0.0    0.0    0.0    0.0                     
2013 03    0.0    0.0    0.0    0.0    0.0    0.0    0.0    0.0    0.0    0.0    0.0    1.0    0.0    0.0    0.0    0.0    0.0    0.0    0.0    0.0    0.0    0.0    2.0    0.0    0.0    0.0    0.0    0.0    0.0    0.0       
2013 04    0.0    0.0    0.0    0.0    0.0    0.0    0.0    0.0    0.0    0.0    0.0    0.0    0.0    0.0   20.0   10.5    5.0    7.0    0.0    5.0    0.0    0.0    0.0    0.0    0.0    0.0   10.8    9.5   13.2    5.7       
2013 05   30.2   25.0   40.2   70.5   42.9   35.7   82.3   62.8   89.2   55.2   35.8   20.2   25.7    5.0    0.0   25.5   41.2   23.2    3.7    0.0    0.0    0.0    5.2    0.0    3.5    0.0    0.0    5.2    0.0    0.0    0.0
2013 06    0.0    0.0    0.0    0.0    0.0    0.0    0.0    5.2    7.9    0.0    0.0    0.0    0.0   30.5    0.0    0.0    0.0    0.0    0.0    0.0    5.2    0.0    3.2    0.0   16.2    0.0    3.6    4.1   20.7    5.2       
2013 07    0.0    5.3   15.2   20.8    0.0   42.5    3.5   20.0    3.2   15.7   35.7    0.0   20.1    0.0   58.3    0.0   25.2    0.0    0.0    5.0    0.0    0.0   62.4   35.3   87.5   25.2   20.2   20.2    0.0    0.0    9.7
2013 08   35.7   49.1    0.0    0.0   76.5   10.5   76.1   25.2    0.0   15.1   37.8   31.2   10.1   47.2   32.1   80.5    5.1   38.1    0.0    0.0   41.9   10.5    7.2    0.0    0.0    2.3   45.0    5.0    0.0    5.0    3.2
2013 09    0.0    3.2    5.0    3.5   20.5   11.1    3.1    0.0    3.6   59.7    0.0    0.0    0.0   10.2    0.0    0.0    0.0    0.0    0.0    0.0    0.0    0.0    0.0    3.2    0.0    0.0    1.6    0.0    0.6    9.1       
2013 10    0.0    0.0    0.0   20.5   72.4   50.2   20.3    0.0    0.0    0.0    0.0    0.0    0.0   10.2    0.0    0.0    0.0    0.0    0.0    0.0    3.5   40.2    0.0    0.0    0.0   45.1   30.2    0.0    0.0   25.5    0.0
2013 11    0.0    0.0    0.0    0.0    0.0    0.0    0.0    0.0    0.0    0.0    0.0    0.0    0.0    0.0    0.0    0.0    0.0    0.0    0.0    0.0    0.0    0.0    0.0    0.0    0.0    0.0    0.0    0.0    0.0    0.0       
2013 12    0.0    0.0    0.0    0.0    0.0    0.0    0.0    0.0    0.0    0.0    0.0    0.0    0.0    0.0    0.0    0.0    0.0    0.0    0.0    0.0    3.2    0.0    0.0    0.0    0.0    0.0    0.0    0.0    0.0    0.0    0.0
2014 01    0.0    0.0    0.0    0.0    0.0    0.0    0.0    0.0    0.0    0.0    0.0    0.0    0.0    0.0    0.0    0.0    0.0    0.0    0.0    0.0    0.0    0.0    0.0    0.0    0.0    0.0    0.0    0.0    0.0    0.0    0.0
2014 02    0.0    0.0    0.0    0.0    0.0    0.0    0.0    0.0   10.2    0.0    0.0    0.0    0.0    0.0    0.0    5.2   12.3    5.0    0.0    0.0    0.0    0.0    0.0    0.0    0.0    0.0    0.0    0.0                     
2014 03    0.0    0.0    0.0    0.0    0.0    0.0    0.0    0.0    0.0    0.0    0.0    0.0    0.0    0.0    0.0    0.0    0.0    0.0    0.0    0.0   14.2    0.0   12.3    0.0    0.0   15.7    0.0   13.2    0.0    0.0    0.0
2014 04    0.0    0.0    3.5    4.2    2.1    5.0    6.1    3.5   17.3   30.5    0.0    0.0    0.0    0.0    0.0    0.0    0.0    2.0    0.0    0.0    0.0    0.0    0.0    0.0    0.0    0.0    6.5    8.0    5.0    0.0       
2014 05    0.0    2.5   15.2   25.0   16.5    0.0   30.8   65.2  100.7  128.5   20.3    0.0   17.2   24.0    0.0   10.0    0.0    2.0    0.0    0.0    0.0    0.0    1.5    0.0    2.7   25.6    2.5    0.0    5.2   60.5    0.0
2014 06    0.0    0.0   10.5    0.0    5.1    0.0   30.5   25.7   18.1   98.4   78.5    0.0   20.7    0.0    0.0   45.7   88.9   34.8   69.2    6.7    0.0   54.1  110.8    5.2    0.0    8.7    7.1    7.3    2.5    0.0       
2014 07   93.7   55.2   18.2   12.3    9.7    8.4   13.4   17.1    0.0   50.2    0.0   60.8    6.1   97.6   63.5    5.2    0.0    0.0   16.7    0.0    5.2    2.9   79.7    0.0  120.7    0.0   15.2   37.4   35.0    0.0    0.0
2014 08    5.3   10.1   25.2   25.9    6.2    0.0    0.0    0.0    5.7    0.0    5.0    0.0    3.7    6.2   13.5    3.2   62.3    3.7    0.0    6.5    7.2   13.0    0.0    0.0   13.2    0.0    3.2    0.0    0.0    0.0    0.0
2014 09    0.0    0.0    0.0    0.0    5.2   12.5   17.2   98.1    5.7    3.5    0.0    0.0    0.0    6.9    0.0   27.8    0.0    0.0   65.7   40.5   19.8   11.0   61.3   64.8    0.0   35.1   53.1    3.4    0.0    0.0       
2014 10    0.0    0.0    0.0    0.0    0.0    0.0    0.0    0.0    0.0    0.0    5.2    4.8    0.0    0.0   54.7  111.6    0.0    0.0    0.0    0.0    0.0    0.0    0.0    0.0    0.0    0.0    0.0    0.0    0.0    0.0    0.0
2014 11    0.0    0.0    0.0    0.0    0.0    0.0    0.0    0.0    2.0    0.0    0.0    0.0    0.0    0.0    0.0    0.0    0.0    0.0    0.0    0.0    0.0    0.0    0.0    0.0    0.0    0.0    0.0    0.0    0.0    0.0       
2014 12    0.0    0.0    0.0    0.0    0.0    0.0    0.0    0.0    0.0    0.0    0.0    0.0    0.0    0.0    0.0    0.0    0.0    0.0    0.0    0.0    0.0    0.0    0.0    0.0    0.0    0.0    0.0    0.0    0.0    0.0    0.0
2015 01    0.0    0.0    0.0    0.0    0.0    0.0    0.0    0.0    0.0    0.0    0.0    0.0    0.0    0.0    0.0    0.0    0.0    0.0    0.0    0.0    0.0    0.0    0.0    0.0    0.0    0.0    0.0    0.0    0.0    0.0    0.0
2015 02    0.0    0.0    0.0    0.0    0.0    0.0    0.0    0.0    0.0    0.0    0.0    0.0    0.0    0.0    0.0    0.0    0.0    0.0    0.0    6.2    0.0   12.9    0.0    0.0    0.0    0.0    0.0    0.0                     
2015 03    0.0    0.0    0.0    0.0    5.6    0.0    0.0    0.0    0.0    0.0    0.0    0.0    0.0    0.0    0.0    0.0    0.0    0.0    0.0    0.0    0.0    0.0    0.0    0.0    0.0    0.0    0.0    0.0    0.0    0.0    0.0
2015 04   15.8   32.5   70.2   93.5   98.3   15.1    0.0    9.0   25.0    0.0    0.0    0.0    0.0    0.0    0.0    0.0    0.0    0.0   30.2   41.5   53.8   59.2   52.1   20.8    0.0    0.0    3.7    0.0    0.0   80.9       
2015 05   72.5   67.8   20.5   15.7    0.0    0.0    0.0    0.0    5.2   25.0   20.1    2.3    0.0    5.2   10.2    0.0   27.5   13.2    0.0    0.0    0.0   25.7    7.5   17.2   25.6    2.3    7.5   70.8   10.2    3.2    2.1
2015 06    7.2   10.7    0.0    0.0    0.0    0.0    0.0    0.0   22.5   75.0   80.7    0.0    3.5    0.0    0.0   25.7    0.0   23.1    0.0  105.5    0.0   75.9   27.5    5.7    0.0   25.5    7.5    1.5   45.7    0.0       
2015 07    7.2    0.0    1.3    1.4   15.1    0.0    0.0    0.0    7.5    0.0    0.0   27.5   40.7    0.0    5.6   10.5   17.2   95.2    7.1    0.0   60.5    3.5   14.0    3.2   17.7    0.0    0.0    0.0    0.0    0.0    3.0
2015 08   15.7    7.9    0.0   22.7   20.3    3.5   70.5   32.2   65.2   47.4   52.1   68.5   37.6   17.4    5.2   30.0   10.7    0.0    6.4   26.2   10.2    0.0    0.0    7.5   55.7   67.8   75.3    0.0    1.2   17.5    5.6
2015 09   42.3    0.0   52.0   18.9    0.0    0.0   67.2    0.0    0.0    0.0   42.3    0.0    0.0    0.0   10.8    0.0    0.0    0.0    0.0    0.0   10.7   25.9    0.0   18.2    0.0    5.0    0.0    0.0    0.0    0.0       
2015 10    0.0    0.0    0.0    0.0    0.0    0.0    7.0   35.6    3.5   17.0    0.0    3.7    0.0    0.0    0.0    0.0    0.0    0.0    0.0    0.0    0.0    0.0    0.0    0.0    0.0    0.0    0.0    0.0    0.0    0.0    0.0
2015 11    5.2   16.4    0.0    0.0    0.0    0.0    0.0    0.0    0.0    0.0    0.0    0.0    0.0    0.0    0.0    0.0    0.0    0.0    0.0    0.0    0.0    0.0    0.0    0.0    0.0    0.0    0.0    0.0    0.0    0.0       
2015 12    0.0    0.0    0.0   15.6    0.0    0.0    0.0    0.0    0.0    0.0    0.0    0.0    0.0    0.0    0.0    0.0    0.0    0.0    0.0    0.0    0.0    0.0    0.0    0.0    0.0    0.0    0.0    0.0    0.0    0.0    0.0
2016 01    0.0    0.0    0.0    0.0    0.0    0.0    0.0    0.0    2.5    0.0    0.0    0.0    0.0    0.0    0.0    0.0    0.0    0.0    0.0    0.0    0.0    2.0    0.0    0.0    0.0    0.0    0.0    0.0    0.0    0.0    0.0
2016 02    0.0    0.0    0.0    0.0    0.0    0.0    0.0    0.0    0.0    0.0    0.0    0.0    0.0    0.0    0.0    0.0    0.0    0.0    0.0    0.0    0.0   17.5    0.0    7.5   35.2    0.0    0.0    0.0    0.0              
2016 03    0.0    0.0    0.0    0.0    0.0    0.0    0.0    0.0    0.0    5.0    2.6    6.2    0.0    0.0    0.0    0.0    0.0    0.0    0.0   18.5   20.7           0.0    2.3    0.0    0.0    0.0    0.0    7.9    0.0    0.0
2016 04    4.2    0.0    0.0  110.5  150.7  135.7    7.5    0.0   24.8   10.7   18.2    0.0    0.0   25.0   17.2   70.0   56.3    7.2    0.0   80.9    5.8  100.7   90.7   50.2   85.2   25.7    8.2   72.5   43.7    0.0       
2016 05    5.0    0.0   12.5   35.2    0.0   15.0    0.0    0.0    0.0    0.0    0.0    2.0   35.0   50.2   60.2   85.8   25.3  313.7  116.1    0.0   25.7  121.9   39.8    0.0   53.7    0.0   47.6   13.5   27.8    9.2    2.2
2016 06    0.0    0.0    0.0    0.0    0.0    8.4  130.0   47.5   67.6   61.3   30.7    0.0   32.0    0.0    0.0    5.0   61.0   16.7    8.2   68.7    0.0    5.2    8.2    0.0    7.3    0.0   56.2   35.2    2.0    5.8       
2016 07    0.0   88.2   56.5   35.7   66.6    0.0    0.0    3.7    4.2   70.5    4.7    5.0    0.0    4.2    3.7   47.7    2.2   14.2    0.0   13.7   17.5    5.3    5.3   10.2   50.2   15.0    0.0    7.1   16.2   50.7    0.0
2016 08    0.0    0.0    0.0    0.0   15.0   21.7    6.5    7.2   12.3    2.5   57.8    0.0    3.0    0.0    0.0   20.7    0.0    0.0    0.0    0.0   13.5   27.3    0.0    0.0    0.0   10.0   15.2    0.0    0.0    5.0   60.7
2016 09   57.6    0.0    6.2    0.0   20.0  131.9   10.5    5.2    7.1    0.0   24.2   20.0   17.2   35.0    0.0    0.0    0.0   21.5   16.0   13.7   10.0   50.7   35.3   65.7    0.0   17.8    0.0    0.0   35.7   11.2       
2016 10   25.9    0.0    0.0    0.0    0.0    0.0    0.0   15.0   16.7   10.5   20.2   17.4   20.5   14.7    0.0    0.0    0.0    0.0    0.0    0.0    0.0    0.0    0.0    0.0    0.0    0.0    0.0   35.2   26.7    0.0    0.0
2016 11    0.0    0.0    0.0   20.5   10.5   51.5   55.3   15.2    0.0    0.0    0.0    0.0    0.0    0.0    0.0    0.0    0.0    0.0    0.0    0.0    0.0    0.0    0.0    0.0    0.0    0.0    0.0    0.0    0.0    0.0       
2016 12    0.0    0.0    0.0    0.0    0.0    0.0    0.0    0.0    0.0    0.0    0.0    0.0    0.0    0.0    0.0    0.0    0.0    0.0    0.0    0.0    0.0    0.0    0.0    0.0    0.0    0.0    5.0    0.0    0.0    0.0    0.0
2017 09    0.0    3.8    1.0   60.7    0.0    5.6    0.0   15.2    0.0   14.2   37.2    4.0    0.0    1.3    0.0    0.0    0.0    0.0    2.4   47.0    3.2   14.8    0.0    0.0    0.0    0.0   22.0    2.0    1.2    0.0       
2017 10    4.4    0.0    0.0    0.0    0.0    0.0    0.0   25.4   17.6    0.0    0.0    0.0   30.0   35.0    0.0    1.4    0.0    0.0    0.0   18.6   38.7   75.8    3.5    0.0    0.0    0.0    0.0    0.0    0.0   34.4   16.5
2017 11    0.0    0.0    0.0    0.0    0.0    0.0    0.0    0.0    0.0    0.0    0.0    0.0    0.0    0.0    0.0    1.5    0.0    5.7    0.0    0.0    0.0    0.0    0.0    0.0    0.0    0.0    0.0    0.0    0.0    0.0       
2017 12    0.0    0.0    0.0    0.0    0.0    0.0    0.0    0.0    4.0   57.1   30.8   15.7    0.0    0.0    0.0    0.0    0.0    0.0    0.0    0.0    0.0    0.0    0.0    0.0    0.0    0.0    0.0    0.0    0.0    0.0    0.0
2018 01    0.0    0.0    0.0    0.0    0.0    0.0    0.0    0.0    0.0    0.0    0.0    0.0    0.0    0.0    0.0    0.0    0.0    0.0    0.0    0.0    0.0    0.0    0.0    0.0    0.0    0.0    0.0    0.0    0.0    0.0    0.0
2018 02    0.0    0.0    0.0    0.0    0.0    0.0    0.0    0.0    0.0    0.0    0.0    0.0    0.0    0.0    0.0    0.0    0.0    0.0    0.0    0.0    0.0    0.0    0.0    2.5    0.0    0.0    0.0    0.0                     
2018 03    0.0    0.0    0.0    0.0    0.0    0.0    0.0    0.0    0.0    0.0    0.0    0.0    4.2    0.0    0.0   61.2    9.1   26.9    0.0    0.0    0.0    0.0    0.0    0.0    0.0    0.0    5.0    0.0    0.0    8.6   10.2
2018 04    0.0    0.0    0.0    0.0    0.0    0.8    0.0    0.0    0.6   28.2    0.0   30.0    3.4    7.3    0.0    0.0    0.0    7.2   19.4    4.2    5.8   23.2    0.0   12.0    0.0    4.0    0.0    0.0    5.6   23.0       
2018 05   22.2    0.0    5.0    1.5   49.4  101.4    8.0   37.6    0.0   22.5    0.0    7.6    0.0    0.0    2.8    8.6    0.0    0.0    0.0    3.0    0.0    7.8    0.0    0.0   30.8   20.6   70.6    0.0    1.4    0.0   10.4
2018 06    2.2   12.0    8.2    0.0    0.4   60.4    0.0    0.0    0.0    0.0    3.2   76.4    3.5    8.3   94.6   40.0    0.0    7.0   31.6    0.0   14.4    8.0    6.9    1.2   37.6    2.6    3.2    5.2    2.6   13.4       
2018 07    8.2    0.0    0.0   14.7    0.2    4.6   37.4    7.2    0.0    5.3   22.3    0.0   29.6    0.0    3.4   11.2   15.4   31.8    0.0    0.0    0.0   30.2    4.6    4.8   30.4   10.7   22.8   23.7    4.5   10.6    3.0
2018 08   24.2    5.4    0.0    1.4   14.2    2.6    0.0    0.0   25.6    3.6    8.2   17.6    2.0   60.2    0.0    0.0   44.6    0.0    0.0    0.0    0.0    5.3    0.0   10.6   24.1   30.8   13.0    0.3    0.0   33.5    0.8
2018 09   33.0    2.4    0.0   68.0    3.4    0.8    0.0    0.0    0.0   32.0    7.2    0.2    0.4   19.2    0.0    0.0    0.0    0.0   41.1    0.0    0.0   29.4    0.0    1.5   21.4    8.0    0.0    6.0    0.0    0.0       
2018 10    0.0    0.0    0.0    0.0    0.0    0.0    4.2    5.4    0.0    0.0    5.2    0.4   39.0   26.0    0.4    0.0    0.0    0.0    0.0    0.0    0.0    0.0    0.0    0.0    0.0    0.0    0.0   32.2    5.5    0.0    0.0
2018 11    0.0    0.0    0.0    0.0   12.8    0.0    0.0    0.0    0.0    0.0    0.0    0.0    0.0    0.0    0.0    0.0    0.0    0.0    0.0    0.0    0.0    0.0    0.0    0.0    0.0    0.0    0.0    0.0    0.0    0.0       
2018 12    0.0    0.0    0.0    0.0    0.0    0.0    0.0    0.0    0.0    0.0    0.0    0.0    0.0    0.0    0.0    0.0    0.0    9.8   20.0    0.0    0.0    0.0    0.0    0.0    0.0    0.0    0.0                            
2019 01    0.0    0.0    0.0    0.0    0.0    0.0    0.0    0.0    0.0    0.0    0.0    0.0    0.0    0.0    0.0    0.0    0.0    0.0    0.0    0.0    0.0    0.0    0.0    0.0    0.0    0.0    0.0    0.0    0.0    0.0    0.0
2019 02    0.0    0.0    0.0    0.0    0.0    0.0    0.0    0.0    0.0    0.0    0.0    0.0    0.0    0.0    0.0    0.0    5.4    5.6    0.0    0.0    0.0    0.0    0.0    0.0    0.0    9.0    0.0    4.6                     
2019 03    4.0    0.0    0.0    0.0    5.4    0.4   29.5    0.0    0.0    0.0    0.0    0.0    0.0    0.0    0.0    0.0    0.0    0.0    0.0   10.6    0.0   27.4   13.6    0.0    0.0    0.0    0.0    0.0    0.0    0.0       
2019 04   19.0    2.0    9.4    0.0    0.0    0.0    0.0   12.4    9.4   27.0    0.0    0.0    0.0    0.0    0.0    9.8   16.8    0.0    0.0    0.0    4.0    0.0    0.0    0.0    0.0    0.0    0.0   18.8   34.2   31.8       
2019 05    0.0    0.0    0.0   34.1   21.5   41.2    0.0    6.3    4.2    0.0    0.0    4.4    5.6    4.5   26.4   49.5    9.8    1.0    0.0    0.0    0.0    0.0   44.0    9.5   37.2   14.5    6.7    0.0    0.0    5.2    0.0
2019 06   55.6    0.0    0.0   17.0    7.9    0.2   75.1    2.3    8.0   12.3    8.0    0.0    0.0   20.8    5.2   12.4   35.0    5.8   30.2   29.0   68.9    0.0    5.6    0.0    0.0   22.2   96.8   25.8    7.0    0.0       
2019 07   10.0   36.5   47.8   21.2   56.7    2.5   14.7    6.1    8.7    9.6   39.0   37.7    9.5   40.6   11.6    8.4    0.0    0.0    3.2   13.0   14.0    3.0    8.3   10.6   26.9   48.8    3.2    0.0    0.0    8.7   21.9
2019 08    0.0    1.4   26.2    2.9    0.0    0.0    0.0    6.3    0.0    0.0    0.0    0.0    0.0   14.5    3.1    9.8   28.4   28.2   24.1    0.0    1.4   30.7   38.5   23.5   34.2    0.0    0.0   30.2    0.0    0.0   26.8
2019 09    0.0    4.2    4.2    0.0   42.2    5.0   25.4    0.0    1.2    8.9   19.8   12.1   18.2   17.0   26.5   28.5    4.3    0.0    0.0    0.0    0.0   10.3   38.6    9.4    5.0    0.0    0.0    7.1    2.3    2.6       
2019 10   31.0    0.0    0.0    0.0    0.0    0.0    6.2   15.2    8.2    5.6   46.4    4.4    0.0    0.0    0.0   16.6    0.0    0.0    0.0    0.0    0.0    3.6    0.0    0.0    0.7   59.0  108.4    0.0    0.0    0.0    0.0
2019 11    0.0    0.0    0.0    0.0    0.0    0.0    0.0    0.0    3.6    7.4    7.6    0.6    0.0    0.0    0.0    0.0    0.0    0.0    0.0    0.0    0.0    0.0    0.0    0.0    0.0    0.0    0.0    0.0    0.0    0.0       
2019 12    0.0    0.0    0.0    0.0    0.0    0.0    0.0    0.0    0.0    0.0    0.0    0.0    0.0    0.0    0.0    0.0    0.0    0.0    0.0    0.0    0.0    0.0    0.0    0.0    0.0    0.0    0.5    2.4    0.0    0.0    0.0
2020 01    0.0   29.0    1.9   16.0    0.0    1.2    0.0    0.0    0.0    2.0    0.0    0.0    0.0    0.0    0.0    0.0    0.0    0.0    0.0    0.0    0.0    0.0    0.0    0.0    0.0    0.0    0.0    0.0    0.0    0.0    0.0
2020 02    0.0    0.0    0.0    0.0    0.0    0.0    0.0    0.0    0.0    0.0    0.0    0.0    0.0    0.0    0.0    0.0    0.0    0.0    0.0    0.0    0.0    0.0    0.0    0.0    0.0    0.0    0.0    0.0    0.0              
2020 03    0.0    0.0    0.0    0.0    6.0    0.0    2.0    5.6    0.0    0.0    0.0    0.0    0.0    0.0    0.0    0.0    0.0    0.0    0.0    0.0    0.0    0.0    0.0    0.0                                                 
2020 04    0.0    0.0           0.0    0.0    0.0                                                                                              10.0    0.0    0.0   27.0    0.0   20.0    0.0    0.0    0.0    0.3    0.9       
2020 05    0.0    0.0    0.0    0.8   15.4    8.2    2.7    0.0    0.0    0.0    0.0    0.0   13.0    0.0   13.3    0.0   20.2    0.0    0.0    0.4   20.4    5.2    9.4   17.2   27.5    0.0   70.0    6.1   28.3    1.0   77.7
2020 06    1.0   52.2   17.8   24.0   31.7    0.7   54.9   40.4   32.0    6.4   12.6    2.3   36.5    6.3   48.6   15.8   25.8   17.2   16.9    2.2    0.0    0.0   17.6    2.0   58.6    8.4   12.4    6.2   17.4    0.0       
2020 07   30.5   35.6   10.6   22.4   16.2   11.8    3.2    0.0    7.0    0.8    4.2   34.4   21.8    6.0   46.6    4.4   32.2    8.6   55.4    1.6   13.2   18.8   16.6   18.0    3.4    1.2   23.2    3.2   63.6   39.2   56.3
2020 08    0.4    1.5    4.2    1.0    4.0    0.0    1.2    0.0    7.4   51.2    4.2   37.8   13.4   59.2  101.6    6.2    3.6    1.2   14.4    8.6   11.4   12.2   16.4   24.2    0.0    1.2    4.4    9.4    7.8   53.6    1.8
2020 09   21.6    4.2    7.4    0.0    0.0   13.6    5.2    9.6   38.0   80.2    3.8    8.8    2.6   13.0   22.4    5.6   53.2    7.6    0.2    0.0    0.0   22.2    1.6   27.6    6.2    0.4    5.4    2.6    0.0    0.0       
2020 10    0.0   75.2   46.8    8.0    1.2   22.8    2.6    0.4    0.0   24.4    0.2    0.0    0.0    8.0    0.0    0.0    0.0    0.0    0.0    0.0   59.6   58.2    7.6   51.0    1.2    0.2    0.0    0.0    0.0    0.0    0.0
2020 11   19.6    0.0    0.0    0.0   24.6    0.0    0.0    0.0    0.0    0.0    0.0    0.0    0.0    0.0    0.0    0.0    0.0    0.0    0.0    0.0    0.0    0.0    0.0    0.0    0.0    0.0    0.0    0.0    0.0    0.0       
2020 12    0.0    0.0    0.0    0.0    0.0    0.0    0.0    0.0    0.0    0.0    0.4    0.0    0.0    0.0    0.0    0.0    0.0    0.0    0.0    0.0    0.0    0.0    0.0    0.0    0.0    0.0    0.0    0.0    0.0    0.0    0.0
2021 01    0.0    0.0    0.0    0.0    0.0    0.0    0.0    0.0    0.0    0.0    0.0    0.0    0.0    0.0    0.0    0.0    0.0    0.0    0.0    0.0   16.2    0.0    0.0    0.0    0.0    0.0    0.0    0.0    0.0    0.0    0.0
2021 02    0.0    0.0    0.0    0.0    0.0    0.0    0.0    0.0    0.0    0.0    0.0    0.0    0.0    0.0    0.0    0.0    0.0    0.0    0.0    0.0    0.0    0.0    0.0    0.0    0.0    0.0    0.0    0.0                     
2021 03    0.0    0.0    0.0    0.0    0.0    0.0    0.0    3.2    2.0    0.0    0.0    0.0    0.0    0.0    0.0    0.0    0.0    0.0    0.0    0.0    0.0    0.0    0.0    0.0    0.0    0.0    0.0    0.0    0.0   30.2   31.6
2021 04   21.0   10.2    0.0    0.0    0.0    0.0    0.0    0.0    4.8    0.0    4.0    0.0    0.0    0.0    0.0   11.0    7.0    0.0   35.0    8.0    0.0    0.0    0.0    0.0    0.0    0.0    0.0    0.0   17.0    0.0       
2021 05    0.0    0.0   23.2    0.0    4.2    0.0    0.0    8.2    0.0    0.0    0.0    0.2    9.0   74.0   35.0    1.0   52.2   19.6   68.6   33.2   15.2    1.0    0.0   13.4    9.2    0.0    2.3    0.0    0.0    0.8   22.8
2021 06   25.2   29.2   15.6   13.2   45.0    8.3    0.6   26.5    0.0   19.0   30.6    0.0    0.6   24.8    3.8    1.8    4.6    6.2   24.6    3.0    3.4   13.0    5.4    3.0    0.6   28.2    0.6    2.6    7.2    9.4       
2021 07   57.0    0.0   15.2    2.2    2.4    0.0   38.8    2.8    0.4   11.6    8.6    0.0   36.0   28.8    0.0    2.6    1.4    0.0   69.6   51.2   59.0    1.4    0.0    6.3    1.2    6.8    2.0    1.2   21.8    0.8    2.0
2021 08    4.0   23.0   63.2   20.6    1.2    0.6   26.2   10.6   14.3    0.0    1.8    1.3   10.2   22.8   91.2    9.8   19.0    3.6   19.4    4.8    0.4   28.0    0.8   16.8   15.0    0.0    6.0   13.4   31.6   44.6   13.0
2021 09    0.0   57.4    0.8    0.0    1.0    0.0    0.0    3.0    0.0    0.0    0.0    0.0    0.0    0.0   10.0    0.0   23.0   28.6    7.7    0.0   18.6    2.0    0.0    0.0    0.0    0.0    0.0    0.0   29.6   16.0       
2021 10    0.0    0.0   65.6   26.5    0.0    3.3    0.0    0.0    0.0    0.0    0.0    0.0    0.0    0.0    0.0    0.0    0.0    0.0   46.0   13.2   83.2    5.2    0.0    0.0    0.0    0.0    0.0    0.0    0.0    0.0    0.0
2021 11    0.0    0.0    0.0    0.0    0.0    0.0    0.0    0.0    0.0    0.0    0.0    0.0    0.0    0.0    0.0    0.0    0.0    0.0    0.0    0.0    0.0    0.0    0.0    0.0    0.0    0.0    0.0    0.0    0.0    0.0       
2021 12    0.0    0.0    0.0    0.0    0.0    7.3   32.2   10.0    0.0    0.0    0.0    0.0    0.0    0.0    0.0    0.0    0.0    0.0    0.0    0.0    0.0    0.0    0.0    0.0    0.0    0.0    0.0    0.0    0.0    0.0    0.0
2022 01    0.0    0.0    0.0    0.0    0.0    0.0    0.0    0.0    0.0    0.0    0.0    0.8    8.2    0.0    0.0    0.0    0.0    0.0    0.0    0.0    0.0    0.0    0.0    0.0    0.0    0.0   10.0    0.0    0.0    0.0    0.0
2022 02    0.0    4.0    0.0    0.0   21.0    2.2    0.0    0.0    0.0    0.0    0.0    0.0    0.0    0.0    0.0    0.0    0.0    0.0    0.0    0.0    2.2    0.0    0.0    0.0    1.3    0.0    0.0    0.0                     
2022 03    0.0    0.0    0.0    0.0    0.0    0.0    0.0    0.0    0.0    0.0    0.0    0.0    0.0    0.0    0.0    0.0    0.0    0.0    0.0    0.0    0.0    0.0    0.0    0.0   25.0   52.0   12.3   33.0   25.2   10.0    7.8
2022 04    8.6    0.0    0.0    0.0    0.0    0.0    0.0    0.0    0.0   25.0   51.0    3.0    5.3   10.0   14.0    3.4    2.1   25.0    0.0   10.3    0.0   34.6    9.0    7.3    7.0    0.2    5.6    0.0    0.0    8.0       
2022 05    7.0   78.8    1.6   12.3    0.3    0.0    0.0    0.0   10.0   16.0   34.8   34.1   42.2  101.2    7.2    2.9   84.3   12.0   39.5   27.1   57.6   24.4    0.0    0.0    7.4    0.0   34.1    0.0    0.0    0.0   38.2
2022 06   16.0    6.4   22.4   18.3   69.4   12.6    7.3   14.2    1.6    2.4    2.0    0.0   16.0   28.0   12.5   45.4    5.4  121.0  202.3   39.2   28.3   38.8   84.6    0.4   22.4   28.8   13.9    6.8   12.6    7.2       
2022 07   30.4    2.4    0.0    0.0    0.0    0.0    0.0    0.0    7.2    0.0    0.0    0.0    0.0    0.0    0.0    0.0    0.0   10.4   26.0   10.2    8.6    1.2    0.0   70.6    0.0   30.6   14.4   21.4   50.8   47.4   86.6
2022 08   28.0    2.4    7.3    6.4    0.0   12.4    0.0    0.0    0.4    1.2    0.0    0.0   10.8    2.6   11.4    0.0   15.8    0.0    0.0    0.0    5.4    0.0    1.4    0.0    0.0    0.0   67.3    0.0    0.0   14.0   21.0
2022 09   83.2    0.0   29.4   61.4    0.0   14.6    0.0    1.4    0.0    0.0   29.4   15.4    0.9   28.3    0.0    6.1   47.0    1.4    2.0   17.6    0.0    0.0    0.0   53.2    9.6    6.0    0.0    0.0    0.0    0.0       
2022 10    0.0    0.0   16.8    3.6   18.6    0.0    0.0    0.0   10.0    1.4    1.4   17.2   21.2    0.0    0.0    0.0    0.0    0.0    0.0    0.0    0.0    0.0    0.0    3.2   19.7    0.8    0.0    0.0    0.0    0.0    0.0
2022 11    0.0    0.0    0.0    0.0    0.0    0.0    0.0    0.0    0.0    0.0    0.0    0.0    0.0    0.0    0.0    0.0    0.0    0.0    0.0    0.0    0.0    0.0    0.0    0.0    0.0    0.0    0.0    0.0    0.0    0.0       
2022 12    0.0    0.0    0.0    0.0    0.0    0.0    0.0    0.0    0.0    0.0    0.0    0.0    0.0    0.0    0.0    0.0    0.0    0.0    0.4    0.0    0.0    0.0    0.0    0.0    0.0    0.0    7.2    0.3    0.0    0.0    0.0
